       96041      106858
         248
          33         -31
         247         253
         500
       90096    5
       90097   10
       90444    5
       90445   10
       90446    8
       90447   14
       90449    5
       90450   10
       90793    5
       90794   12
       90795   13
       90796   12
       90797   13
       90798    9
       90799   12
       90800   14
       91143    4
       91144    3
       91145    3
       91146    7
       91147    2
       91148    7
       91149    2
       91150   15
       91494    5
       91495    9
       91496   12
       91497   14
       91498    8
       91499   14
       91843    5
       91844   12
       91846    2
       91847   15
       91848    4
       91849   15
       92193    4
       92194    7
       92196   13
       92197   10
       92541    5
       92542    9
       92543    9
       92544   12
       92547   14
       92889    5
       92890   10
       92891    4
       92892    3
       92893    7
       92896    2
       92897   15
       93239    8
       93240   13
       93241    9
       93242    9
       93243   12
       93246   14
       93589    8
       93596   14
       93939    4
       93940    7
       93946   14
       94287    5
       94288    9
       94289    9
       94290   12
       94296   14
       94637    4
       94638    7
       94646   14
       94988    8
       94995    2
       94996   15
       95338    4
       95339    3
       95340    7
       95342    2
       95343    3
       95344    3
       95345   15
       95690    8
       95692   14
       96038    5
       96039   10
       96040    8
       96041   17
       96042   15
       96386    5
       96387    9
       96388   12
       96389   13
       96390   12
       96736    4
       96737    3
       96738    3
       96739    7
       97084    5
       97085    9
       97086    9
       97087    9
       97088    9
       97089   12
       97427    5
       97428    9
       97429    9
       97430   10
       97434    4
       97435    7
       97436    2
       97437    7
       97772    5
       97773    9
       97774   10
       97775    5
       97776   10
       97777    4
       97778    3
       97779    7
       97780   14
       97785    4
       97786   15
       97787    8
       98122    4
       98123    7
       98124   13
       98125   12
       98126   14
       98129    8
       98130   13
       98131    9
       98132   10
       98133    5
       98134   10
       98135    5
       98136    9
       98137   12
       98473    8
       98474    2
       98475    7
       98476   13
       98477   10
       98478    5
       98479   12
       98480    2
       98481    3
       98482   15
       98483    8
       98484   14
       98485    4
       98486    7
       98821    5
       98822    9
       98823   12
       98824   14
       98825    4
       98826    7
       98827   14
       98828    8
       98829    2
       98830   15
       98833    8
       98834   13
       98835   10
       98836    4
       98837    3
       98838    3
       98839    7
       99171    4
       99172    3
       99173    7
       99174   14
       99175    5
       99176   12
       99177   13
       99178   12
       99179   14
       99183    8
       99185   13
       99186   10
       99189    4
       99190    7
       99523    4
       99524   15
       99525    4
       99526    7
       99527    2
       99528    3
       99529   15
       99533    4
       99534    7
       99536   13
       99537    9
       99538    9
       99539   10
       99540    4
       99541    3
       99542    3
       99543    3
       99544    3
       99545    3
       99546    7
       99876    8
       99877   14
       99884    8
       99886    2
       99887    3
       99888    3
       99889   15
       99892    5
       99893   10
       99894    5
       99895    9
       99896   12
      100225    5
      100226   12
      100227   13
      100228   10
      100229    5
      100230   10
      100234    8
      100236   14
      100238    5
      100239   10
      100240    5
      100241    9
      100242   12
      100243   13
      100244   12
      100575    4
      100576    7
      100578   13
      100579   12
      100580   14
      100584    4
      100585    7
      100586   13
      100587    9
      100588   12
      100589   14
      100590    4
      100591    3
      100592    7
      100926    8
      100928    2
      100929    7
      100930   13
      100931   10
      100935    4
      100936    3
      100937    3
      100938    7
      100939   14
      100941    5
      100942   12
      101276    8
      101278   14
      101279    4
      101280    7
      101281   14
      101288    8
      101289   13
      101290    9
      101291   12
      101625    5
      101626   12
      101628   14
      101629    5
      101630   12
      101631   13
      101632   10
      101635    5
      101636   10
      101637    5
      101638   12
      101972    5
      101973    9
      101974    9
      101975   12
      101978   14
      101979    4
      101980    3
      101981    3
      101982   15
      101983    5
      101984    9
      101985   12
      101986   13
      101987   12
      102322    8
      102323    2
      102324    7
      102328   14
      102329    5
      102330    9
      102331    9
      102332   10
      102333    8
      102334    2
      102335    3
      102336    7
      102672    4
      102673   15
      102674    8
      102677    2
      102678   15
      102679    4
      102680    3
      102681    7
      102682   14
      102683    4
      102684   15
      102686    8
      103022    5
      103023   10
      103024    8
      103027   14
      103028    5
      103029    9
      103030   10
      103031    8
      103032   14
      103033    5
      103034   10
      103036    8
      103370    5
      103371   10
      103372    8
      103373   14
      103374    8
      103375    2
      103376    7
      103377   14
      103378    8
      103380   14
      103381    8
      103382   13
      103383   12
      103384   14
      103386    8
      103717    5
      103718    9
      103719    9
      103720   12
      103721   14
      103722    8
      103723   13
      103724   12
      103725   14
      103726    4
      103727   15
      103728    8
      103730   13
      103731   12
      103734   14
      103736    8
      104067    4
      104068    7
      104071   14
      104072    8
      104075   13
      104076    9
      104077   10
      104078    8
      104084   13
      104085   10
      104086    8
      104416    5
      104417    9
      104418   12
      104421   13
      104422   12
      104427   14
      104428    8
      104435   13
      104436   12
      104766    8
      104767    2
      104768    7
      104777   13
      104778   12
      105116    4
      105117   15
      105118    8
      105467    5
      105468   12
      105817    8
      105818    2
      105819    3
      105820    3
      105821    3
      105822    7
      106167    4
      106168   15
      106169    5
      106170   10
      106171    5
      106172   12
      106512    5
      106513   10
      106519    8
      106520   13
      106521   12
      106858   17
      106859   10
      106862    8
      106863   14
      106869    4
      106870    3
      106871    3
      106872    7
      107209   13
      107210   10
      107212    8
      107213   13
      107214    9
      107215   10
      107222    8
      107223    2
      107224    7
      107560   13
      107561    9
      107562   12
      107565   13
      107566   10
      107572    4
      107573   15
      107574    8
      107911    2
      107912    3
      107913    3
      107914    3
      107915    3
      107916   15
      107924    4
      107925    7
      108261   13
      108262   10
      108263    5
      108264    9
      108265   10
      108272    5
      108273    9
      108274    9
      108275   12
      108611    2
      108612   15
      108613    4
      108614    7
      108615   13
      108616    9
      108617    9
      108618   10
      108621    5
      108622   12
      108961   13
      108962    9
      108963   10
      108964    8
      108968   14
      108971    4
      108972    7
      109311    2
      109312    3
      109313   15
      109314    8
      109315    2
      109316    3
      109317    3
      109318   15
      109321    5
      109322   12
      109661   13
      109662    9
      109663   10
      109664    8
      109665   14
      109666    5
      109667    9
      109668   10
      109670    5
      109671   12
      110013   13
      110014   12
      110015   13
      110016   12
      110018   13
      110019   10
      110020    4
      110021    3
      110022    3
      110023    7
      110369   14
      110371    5
      110372   10
      110373    8
      110719   13
      110720    9
      110721   12
      110722   13
      110723   12
