        1677      117855
         609
          22          18
         486         514
        1000
         249   14
         250    4
         251    7
         252   14
         253    4
         254   15
         255    8
         260    2
         261   15
         262    5
         263    9
         264    9
         265   10
         277    5
         278   12
         279    2
         280    3
         281   15
         283    2
         284   15
         285    8
         287   13
         288   10
         289    4
         290    3
         291   15
         292    8
         294   13
         295    9
         296   10
         300    5
         301    9
         302   12
         599   13
         600    9
         601   12
         602   14
         603    5
         604   10
         605    8
         610   13
         611   10
         612    4
         613    7
         614    2
         615   15
         627    8
         628    2
         629   15
         630    2
         631    7
         632    2
         633   15
         635    4
         636    3
         637    7
         638   14
         642    4
         643    3
         644    7
         645    2
         646   15
         650    8
         651    2
         652    7
         952   13
         953   12
         954   13
         955   12
         961   13
         962   10
         963    8
         964   13
         965   10
         977    4
         978   15
         980   14
         981    4
         982   15
         985    5
         986    9
         987   12
         988   14
         990    5
         991   10
         992    5
         993   10
         994    8
         995   13
         996    9
         997    9
         998    9
         999   10
        1000    4
        1001   15
        1002    8
        1308    2
        1309    3
        1310    3
        1311    3
        1312   15
        1313    4
        1314    7
        1315   14
        1326    2
        1327    3
        1328    7
        1329    2
        1330   15
        1331    5
        1332   10
        1334    5
        1335   12
        1336    2
        1337    3
        1338   15
        1340    8
        1341   13
        1342   12
        1343   14
        1344    4
        1345    3
        1346    3
        1347    3
        1348    7
        1349   14
        1350    5
        1351    9
        1352   12
        1658   13
        1659    9
        1660    9
        1661   10
        1664    8
        1665   13
        1666    9
        1667   10
        1669    5
        1670    9
        1671    9
        1672   10
        1676   13
        1677   19
        1678    8
        1679   13
        1680    9
        1681   12
        1682   14
        1684    8
        1686   13
        1687   10
        1690    4
        1691    3
        1692    7
        1693   13
        1694   10
        1695    5
        1696    9
        1697   10
        1698    4
        1699   15
        1700    4
        1701    7
        2005    2
        2006    3
        2007    3
        2008    3
        2009    7
        2010    2
        2011   15
        2014    8
        2016    2
        2017   15
        2018    5
        2019   12
        2022   13
        2023    9
        2024    9
        2025   10
        2028    4
        2029    3
        2030    7
        2031    2
        2032   15
        2034    4
        2035    3
        2036    3
        2037   15
        2042    8
        2044   14
        2045    4
        2046    7
        2047   13
        2048    9
        2049   10
        2050    5
        2051   12
        2355   14
        2356    5
        2357    9
        2358   10
        2359    8
        2360   14
        2364    4
        2365    7
        2366   13
        2367   10
        2368    8
        2373    2
        2374    7
        2375   14
        2380    4
        2381   15
        2392    4
        2393    7
        2394   14
        2396    8
        2399   13
        2400   12
        2705   14
        2706    4
        2707    7
        2708   13
        2709   12
        2710   13
        2711   10
        2714    5
        2715   12
        2716    2
        2717   15
        2718    4
        2719    7
        2723   14
        2724    4
        2725   15
        2726    5
        2727   10
        2730    5
        2731   10
        2742    5
        2743   12
        2744   14
        2745    5
        2746   12
        3055   13
        3056   10
        3057    4
        3058    7
        3060    2
        3061   15
        3062    5
        3063   10
        3064    4
        3065    7
        3066   13
        3067   10
        3068    5
        3069   12
        3073   14
        3074    5
        3075    9
        3076   12
        3077   14
        3079    5
        3080   12
        3081   13
        3082    9
        3083   10
        3092    4
        3093    7
        3094   13
        3095   12
        3406   14
        3408    4
        3409    3
        3410   15
        3411    5
        3412   12
        3413   13
        3414   10
        3415    8
        3416    2
        3417   15
        3418    8
        3423   13
        3424   12
        3427   13
        3428   10
        3429    4
        3430    7
        3431    2
        3432    3
        3433   15
        3443    4
        3444    3
        3445    3
        3446    3
        3447    3
        3448    3
        3449    7
        3756   13
        3757    9
        3758   10
        3759    5
        3760    9
        3761   12
        3764   13
        3765   12
        3766   14
        3767    5
        3768   12
        3778   13
        3779   10
        3780    8
        3781   13
        3782   10
        3799    4
        3800    7
        4108   13
        4109   12
        4116   14
        4117    8
        4129   14
        4130    8
        4131    2
        4132   15
        4138    5
        4139    9
        4140   10
        4147    5
        4148    9
        4149    9
        4150   12
        4466   13
        4467   12
        4479   13
        4480   12
        4481   13
        4482   10
        4488    8
        4490   14
        4495    5
        4496   10
        4497    4
        4498    7
        4832   14
        4838    4
        4839    7
        4840   13
        4841   10
        4844    5
        4845   12
        4846   14
        4847    5
        4848   12
        5182   13
        5183    9
        5184   10
        5185    5
        5186   10
        5189    8
        5190    2
        5191   15
        5194    8
        5196   14
        5197    8
        5533    2
        5534   15
        5535    8
        5536   14
        5539    8
        5540   13
        5541    9
        5542    9
        5543    9
        5544   12
        5546   14
        5547    8
        5883   13
        5884    9
        5885   12
        5886   13
        5887    9
        5888   10
        5889    8
        5896   13
        5897   12
        6235    2
        6236    3
        6237    3
        6238   15
        6239    8
        6584    2
        6585   15
        6587    5
        6588    9
        6589   12
        6934   13
        6935   10
        6937    8
        7285   13
        7286    9
        7287   12
      115775    5
      115776   10
      116125    8
      116126   14
      116472    5
      116473    9
      116474   10
      116475    8
      116476   14
      116812    5
      116813   10
      116814    5
      116815   10
      116820    5
      116821   10
      116822    8
      116824   13
      116825   12
      116826   14
      116828    5
      116829   10
      116830    5
      116831   10
      117162    8
      117163   13
      117164   12
      117165   14
      117170    8
      117171   13
      117172   12
      117175    2
      117176   15
      117178    8
      117179   14
      117180    8
      117181   14
      117511    5
      117512   12
      117513    2
      117514    3
      117515   15
      117520    8
      117521    2
      117522    7
      117525   14
      117526    5
      117527   10
      117528    8
      117529   14
      117530    8
      117531   14
      117534    5
      117535   10
      117853    2
      117854    3
      117855   19
      117858    5
      117859   10
      117860    5
      117861   12
      117863   13
      117864   10
      117870    4
      117871   15
      117872    4
      117873    7
      117875   13
      117876   12
      117877   14
      117878    8
      117879   14
      117880    8
      117881   13
      117882    9
      117883    9
      117884   12
      117885   14
      118200    2
      118201    3
      118202    7
      118203   14
      118204    5
      118205    9
      118206    9
      118207    9
      118208   12
      118209   14
      118210    4
      118211    3
      118212    3
      118213    7
      118214   13
      118215   10
      118217    5
      118218    9
      118219    9
      118220    9
      118221    9
      118222    9
      118223   12
      118227   14
      118228    8
      118229   13
      118230   12
      118232    2
      118233    7
      118235   14
      118236    5
      118237   10
      118548    2
      118549    7
      118550   14
      118551    5
      118552   12
      118553   14
      118554    4
      118555    3
      118556    7
      118557    2
      118558    3
      118559   15
      118562    5
      118563   12
      118564    2
      118565   15
      118566    5
      118567   12
      118575    2
      118576    3
      118577   15
      118578    8
      118581    2
      118582   15
      118583    4
      118584    7
      118585   13
      118586   12
      118587   14
      118588    2
      118589    7
      118590    2
      118591    7
      118888    2
      118889    3
      118890    7
      118895    2
      118896    3
      118897    7
      118898   14
      118899    8
      118900   14
      118901    4
      118902    3
      118903   15
      118904    5
      118905    9
      118906   12
      118907   14
      118912    8
      118914   13
      118915   10
      118916    8
      118917    2
      118918    3
      118919    7
      118925   13
      118926    9
      118927   10
      118928    8
      118931   14
      118932    5
      118933    9
      118934   12
      118935    2
      118936    7
      118937   14
      118938   14
      118939    4
      118940   15
      118941    8
      119238   14
      119239    5
      119240   12
      119241    2
      119242    3
      119243    3
      119244    7
      119245   13
      119246   10
      119247    4
      119248   15
      119249    8
      119250   14
      119254    8
      119257   14
      119258    5
      119259   10
      119261    5
      119262   12
      119265   13
      119266   12
      119267   14
      119269    4
      119270    7
      119277   14
      119278    8
      119281   14
      119282    4
      119283    3
      119284    7
      119285   14
      119286    8
      119287   14
      119288   13
      119289    9
      119290   10
      119291    8
      119587    2
      119588   15
      119589    4
      119590    7
      119591   13
      119592   10
      119593    5
      119594   12
      119596   14
      119597    5
      119598    9
      119599   12
      119600   14
      119604    4
      119605    3
      119606    7
      119607   14
      119608    8
      119609   14
      119611    8
      119612    2
      119613    3
      119614    3
      119615    7
      119616    2
      119617   15
      119618    5
      119619   10
      119620    8
      119621    2
      119622    7
      119627   14
      119628    4
      119629    3
      119630    7
      119631   14
      119632    2
      119633    7
      119634    4
      119635   15
      119636    4
      119637   15
      119639    2
      119640   15
      119641    4
      119642    7
      119937   13
      119938   10
      119939    5
      119940   12
      119941    2
      119942   15
      119943    4
      119944    3
      119945    3
      119946   15
      119947    4
      119948    3
      119949    3
      119950   15
      119951    5
      119952    9
      119953   10
      119954    5
      119955   10
      119956    8
      119957   14
      119958    8
      119959   14
      119961    4
      119962   15
      119963    5
      119964    9
      119965   12
      119966   14
      119967    5
      119968   12
      119969   13
      119970   12
      119971   14
      119972    8
      119977   13
      119978    9
      119979    9
      119980   12
      119981   14
      119982   14
      119983    4
      119984    7
      119985    2
      119986    7
      119987    2
      119988    3
      119989   15
      119990    5
      119991   10
      119992    4
      119993    7
      120287    2
      120288   15
      120289    4
      120290    7
      120291   14
      120292    5
      120293    9
      120294    9
      120295    9
      120296   10
      120297    5
      120298   10
      120301    4
      120302    7
      120303   13
      120304   12
      120305   13
      120306   12
      120307   13
      120308   12
      120309   14
      120311    5
      120312    9
      120313   12
      120314    2
      120315    7
      120316   14
      120317    4
      120318    3
      120319    3
      120320    3
      120321   15
      120322    4
      120323    7
      120329    2
      120330    3
      120331   15
      120332   13
      120333   10
      120334    8
      120335   14
      120336    4
      120337   15
      120338    5
      120339    9
      120340   12
      120341   13
      120342   10
      120343    8
      120344    2
      120345    3
      120346    3
      120347    7
      120637   13
      120638   10
      120639    5
      120640   12
      120641   14
      120642    8
      120646   13
      120647   12
      120648   13
      120649   10
      120652    8
      120653    2
      120654    3
      120655    7
      120657    2
      120658    7
      120659   14
      120661    8
      120662    2
      120663    3
      120664   15
      120665    8
      120666   14
      120669    5
      120670    9
      120671    9
      120672   10
      120673    8
      120679   13
      120680   10
      120683   14
      120684    8
      120685   14
      120688    4
      120689    7
      120691    2
      120692   15
      120693    8
      120694   14
      120695    5
      120696    9
      120697   12
      120987    2
      120988   15
      120989    4
      120990    3
      120991   15
      120992    8
      120996    2
      120997    3
      120998    3
      120999   15
      121002    8
      121003   14
      121005    8
      121006    2
      121007   15
      121008    8
      121009   13
      121010    9
      121011   12
      121012   13
      121013   10
      121015    4
      121016   15
      121019    4
      121020    3
      121021    7
      121022   13
      121023   12
      121028    2
      121029    3
      121030   15
      121031    2
      121032    3
      121033   15
      121034    8
      121035   14
      121038    5
      121039   12
      121041   13
      121042   10
      121043    4
      121044   15
      121045    4
      121046    3
      121047    7
      121337   13
      121338    9
      121339    9
      121340    9
      121341   10
      121342    8
      121346   13
      121347    9
      121348   10
      121352    8
      121353   13
      121354   10
      121355    4
      121356   15
      121357    5
      121358   12
      121363   14
      121371    8
      121372    2
      121373    3
      121374    3
      121375    7
      121378   13
      121379   10
      121381   13
      121382    9
      121383   10
      121384    4
      121385   15
      121388    8
      121390    2
      121391    3
      121392   15
      121397    4
      121398    7
      121691   13
      121692   12
      121697    2
      121698   15
      121702    4
      121703    7
      121704   14
      121705    5
      121706    9
      121707   12
      121713   13
      121714    9
      121715    9
      121716   10
      121721    4
      121722   15
      121725    4
      121726    3
      121727    7
      121729   14
      121730    5
      121731   10
      121733   13
      121734    9
      121735    9
      121736    9
      121737   10
      121738    8
      121740   13
      121741    9
      121742    9
      121743   10
      121744    5
      121745   10
      121746    5
      121747    9
      121748   12
      122047   13
      122048   10
      122051    5
      122052   10
      122053    8
      122054   14
      122055    8
      122060    2
      122061    3
      122062    7
      122063    2
      122064    7
      122065    2
      122066   15
      122077    4
      122078    7
      122079   14
      122080    8
      122081   14
      122083    2
      122084    3
      122085    3
      122086    7
      122087   14
      122088    4
      122089    7
      122090    2
      122091    3
      122092    7
      122093   13
      122094   12
      122095   13
      122096   12
      122098    2
      122099    7
      122398   13
      122399   10
      122400    5
      122401   12
      122402   14
      122403    8
      122404   14
      122405    8
      122410   13
      122411   10
      122412    4
      122413   15
      122414    4
      122415   15
      122428    8
      122429   13
      122430   12
      122431   14
      122433   13
      122434   10
      122435    5
      122436   12
      122437   14
      122439    8
      122440   13
      122441   10
      122442    8
      122444    2
      122445    3
      122446    3
      122447    3
      122448   15
      122449    4
      122450    3
      122451    3
      122452    7
