       28403       12951
         479
          52          44
         508         492
        1000
        5602    2
        5603    3
        5604    3
        5605    3
        5606    7
        5944    2
        5945    7
        5948    2
        5949    7
        5952   14
        5956    8
        6293    2
        6294   15
        6295    4
        6296    3
        6297    3
        6298   15
        6299    4
        6300    7
        6301    3
        6302   15
        6306    4
        6307    7
        6643   13
        6644   10
        6645    5
        6646    9
        6647   10
        6648    5
        6649   10
        6650    4
        6656    5
        6657   12
        6994   13
        6995   12
        6996    2
        6997   15
        6998    8
        6999   14
        7006    4
        7007    3
        7008    3
        7009    7
        7010    2
        7011    7
        7346   14
        7347    5
        7348   12
        7349   14
        7351   10
        7353    5
        7354    9
        7355    9
        7356    9
        7357    9
        7358   10
        7359    4
        7360   15
        7361    8
        7696   14
        7697    8
        7699   13
        7700    9
        7701   13
        7702    9
        7703   12
        7708   14
        7710    5
        7711   12
        8045    2
        8046   15
        8047    4
        8048    3
        8049    3
        8050    7
        8051    3
        8052    3
        8053    7
        8058   13
        8059    9
        8060   12
        8395   13
        8396   10
        8397    5
        8398    9
        8399   10
        8400    4
        8401    9
        8402   10
        8403    8
        8746   13
        8747   12
        8749   13
        8750    9
        8752   14
        8753    4
        8754    3
        8755    3
        8756    7
        8757    5
        8758   10
        8759    5
        8760   10
        9101    2
        9102   15
        9103    5
        9104    9
        9105    9
        9106   12
        9107    8
        9108   13
        9109   12
        9110   13
        9111   10
        9446    2
        9447    3
        9448    7
        9451   14
        9452    5
        9453   12
        9457    8
        9461   14
        9796   14
        9797    5
        9798   12
        9801   14
        9802    4
        9803    7
        9807    4
        9808    7
        9811   14
       10144    2
       10145    3
       10146   15
       10147    8
       10151   13
       10152   10
       10153    8
       10158    8
       10161   13
       10162    9
       10163    9
       10164    9
       10165    9
       10166   10
       10493    2
       10494   15
       10495    5
       10496   10
       10497    4
       10498    3
       10499    3
       10500    7
       10501    3
       10502   15
       10503    8
       10506    5
       10507    9
       10508   12
       10509    2
       10510    7
       10511    2
       10512    7
       10516   14
       10843   14
       10845    8
       10846   13
       10847    9
       10848    9
       10849   10
       10850    4
       10851   10
       10852    5
       10853   12
       10856    4
       10857    3
       10858    7
       10859   14
       10860    4
       10861   15
       10862    8
       10865    2
       10866   15
       11193   13
       11194   10
       11195    4
       11196    7
       11197    2
       11198    3
       11199   15
       11200    5
       11201   14
       11202    8
       11208    4
       11209   15
       11212    8
       11214    2
       11215   15
       11543    2
       11544   15
       11545    5
       11546   12
       11547   14
       11548    5
       11549    9
       11550   12
       11551   15
       11552    8
       11561    5
       11562   12
       11564   13
       11565    9
       11566    9
       11567   10
       11893   14
       11895    8
       11897   14
       11898    8
       11899    2
       11900    3
       11901    5
       11902   12
       11905    5
       11906    9
       11907    9
       11908    9
       11909   10
       11911    8
       11912    2
       11913    3
       11914    7
       11915    2
       11916    3
       11917   15
       12243   13
       12244    9
       12245   12
       12247   13
       12248   12
       12249   13
       12250   10
       12251    4
       12252    7
       12253    2
       12254    7
       12255    8
       12257    2
       12258    3
       12259   15
       12261    4
       12262   15
       12263    5
       12264   12
       12265   14
       12599    2
       12600   15
       12602    4
       12603   15
       12604    8
       12605    8
       12607   13
       12608    9
       12609   10
       12610    5
       12611    9
       12612    9
       12613   12
       12615   14
       12937    2
       12938    3
       12939    3
       12940    7
       12949   13
       12950   10
       12951   17
       12952    9
       12953    9
       12954   12
       12955    8
       12959   14
       12960    8
       12965   13
       12966   10
       13287   14
       13288    5
       13289    9
       13290   12
       13298    2
       13299    3
       13300   15
       13301    9
       13302   10
       13303    5
       13304    9
       13305   12
       13309   13
       13310   12
       13316   14
       13317    5
       13318   10
       13637   14
       13638    8
       13639    2
       13640    7
       13648   14
       13649    5
       13650    9
       13652   13
       13653   12
       13666   13
       13667   12
       13668   14
       13987   14
       13988    8
       13989   14
       13990    8
       13991    2
       13992    7
       13998   14
       13999    8
       14015    2
       14016    3
       14017    3
       14018   15
       14336    2
       14337   15
       14338    8
       14339   14
       14340    4
       14341   15
       14342    4
       14343    3
       14344    3
       14345    3
       14346    3
       14347    3
       14348   15
       14349    4
       14350    7
       14365   14
       14366    5
       14367   10
       14686   14
       14687    5
       14688   12
       14689   13
       14690    9
       14691    9
       14692    9
       14693    9
       14694   10
       14695    5
       14696    9
       14697   10
       14700    8
       14715   14
       14716    8
       14717   14
       15036   14
       15037    4
       15038    3
       15039    3
       15040    7
       15042    2
       15043    3
       15044   15
       15045    4
       15046    7
       15047   13
       15048    9
       15049   10
       15050    8
       15065   13
       15066   12
       15067   14
       15386   13
       15387    9
       15388   10
       15390    4
       15391    3
       15392   15
       15395    5
       15396   12
       15399   13
       15400   12
       15415    2
       15416    7
       15417   13
       15418    9
       15419   10
       15736    2
       15737    3
       15738   15
       15741    5
       15742   10
       15743    5
       15744   10
       15745    8
       15765   14
       15766    8
       15767    2
       15768    3
       15769   15
       16085    2
       16086   15
       16087    5
       16088    9
       16089    9
       16090    9
       16091   12
       16092   14
       16093    8
       16094   13
       16095   12
       16115   14
       16116    8
       16117   13
       16118   10
       16435   14
       16437    4
       16438    3
       16439    7
       16442   14
       16443    8
       16464    2
       16465   15
       16466    4
       16467    3
       16468   15
       16785   14
       16788    5
       16789   12
       16790    2
       16791    7
       16792   13
       16793   12
       16812    2
       16813    3
       16814   15
       17133    2
       17134    7
       17135   14
       17138    4
       17139    3
       17140   15
       17141    4
       17142    7
       17159    2
       17160    3
       17161    7
       17162   13
       17163    9
       17164    9
       17165   10
       17483   14
       17484    8
       17485   13
       17486   10
       17492    4
       17493    7
       17507    2
       17508    3
       17509   15
       17511    4
       17512    3
       17513    3
       17514    7
       17515   14
       17833   14
       17834    4
       17835    3
       17836   15
       17838    5
       17839    9
       17840    9
       17841   10
       17842    5
       17843   12
       17857   14
       17859    5
       17860    9
       17861    9
       17862    9
       17863   10
       17864    4
       17865   15
       17867    5
       17868   10
       18183   13
       18184   10
       18185    5
       18186    9
       18187    9
       18188   12
       18191   13
       18192   12
       18207   13
       18208   10
       18209    4
       18210    3
       18211    3
       18212    7
       18213   14
       18216    5
       18217   12
       18218   13
       18219   10
       18534   13
       18535   12
       18558   13
       18559   10
       18560    5
       18561   10
       18562    8
       18563   13
       18564    9
       18565    9
       18566   12
       18568    2
       18569   15
       18571    5
       18572   10
       18909   14
       18910    8
       18911   14
       18912    4
       18913    3
       18914    3
       18915    7
       18918   14
       18921    8
       18922   14
       19259   13
       19260   12
       19261   13
       19262   10
       19264    5
       19265   12
       19268   13
       19269   10
       19271    8
       19272   14
       19273    5
       19274    9
       19275    9
       19276    9
       19277   10
       19612   13
       19613   10
       19614    4
       19615    7
       19616    2
       19617    7
       19618    2
       19619   15
       19621    8
       19622   13
       19623   12
       19624    2
       19625    7
       19626    2
       19627   15
       19963   14
       19964    5
       19965   12
       19966   14
       19967    4
       19968   15
       19971    8
       19972    2
       19973    3
       19974   15
       19975    4
       19976   15
       19979    5
       19980   10
       20309    2
       20310    7
       20313   13
       20314   12
       20316   13
       20317    9
       20318   10
       20321    8
       20322   13
       20323   10
       20328    5
       20329   12
       20330   14
       20658    2
       20659   15
       20660    4
       20661    3
       20662    3
       20663    7
       20668   13
       20669    9
       20670    9
       20671   12
       20672    2
       20673   15
       20678    4
       20679    7
       20680   13
       20681   10
       20682    5
       20683    9
       20684   10
       21008   13
       21009    9
       21010   10
       21012    5
       21013   12
       21019    2
       21020    3
       21021    3
       21022   15
       21029    4
       21030    7
       21031   14
       21032    8
       21034   14
       21035    5
       21036    9
       21037   10
       21356    2
       21357    3
       21358    3
       21359    3
       21360   15
       21362    4
       21363    7
       21368    2
       21369   15
       21370    5
       21371    9
       21372   10
       21379    5
       21380   12
       21381   13
       21382   12
       21384   13
       21385   12
       21387   13
       21388    9
       21389   10
       21706   13
       21707    9
       21708    9
       21709   10
       21710    5
       21711    9
       21712   10
       21713    8
       21716    2
       21717    3
       21718   15
       21720    4
       21721    7
       21722   14
       21729    4
       21730    3
       21731    7
       21739   14
       22059   13
       22060   12
       22061    2
       22062   15
       22063    8
       22064    2
       22065    3
       22066   15
       22067    5
       22068    9
       22069    9
       22070    9
       22071   12
       22072   13
       22073   10
       22081    8
       22088    2
       22089   15
       22092    5
       22093    9
       22094    9
       22095   10
       22411   14
       22413    8
       22414   14
       22417    4
       22418    7
       22421    2
       22422    3
       22423   15
       22427    5
       22428    9
       22429    9
       22430    9
       22431   12
       22432    2
       22433    7
       22435    2
       22436    3
       22437    7
       22438   13
       22439    9
       22440   10
       22442    8
       22445   13
       22446   10
       22760    2
       22761   15
       22763    4
       22764   15
       22766    5
       22767   10
       22768    4
       22769    7
       22770    2
       22771   15
       22772    5
       22773    9
       22774   10
       22777    4
       22778    3
       22779    3
       22780    7
       22781    2
       22782   15
       22783    4
       22784    7
       22785   13
       22786   10
       22787    8
       22788    2
       22789    7
       22790   14
       22791    5
       22792   12
       22794    2
       22795    3
       22796   15
       22802    5
       22803    9
       22804    9
       22805   10
       23110   14
       23114    5
       23115    9
       23116   12
       23117   13
       23118    9
       23119   12
       23120   13
       23121   10
       23122    8
       23124   14
       23130    4
       23131   15
       23134    4
       23135    7
       23136   14
       23137    4
       23138   15
       23139    8
       23140   13
       23141   12
       23144   13
       23145    9
       23146   10
       23149    5
       23150   10
       23152    4
       23153    3
       23154    7
       23155   14
       23460   14
       23461    5
       23462    9
       23463    9
       23464   12
       23471   14
       23472    4
       23473    7
       23474   14
       23475    5
       23476   10
       23485    4
       23486   15
       23489    8
       23496   14
       23497    5
       23498    9
       23499   12
       23500   14
       23503    5
       23504   12
       23505   14
       23810   14
       23811    8
       23821   14
       23822    5
       23823   12
       23824   13
       23825   12
       23826   14
       23839    8
       23845    2
       23846   15
       23847    8
       23850   13
       23851    9
       23852   10
       23853    4
       23854    7
       23855   14
       24160   14
       24161    4
       24162    7
       24171   14
       24172    8
       24173    2
       24174    3
       24175    3
       24176   15
       24189    4
       24190    3
       24191    3
       24192    3
       24193    3
       24194    7
       24195   13
       24196    9
       24197   12
       24201    2
       24202   15
       24203    5
       24204   12
       24205   14
       24508    2
       24509    3
       24510   15
       24511    5
       24512   12
       24521   13
       24522   12
       24523   13
       24524    9
       24525   10
       24542    5
       24543   10
       24544    8
       24551   13
       24552    9
       24553   12
       24555   13
       24556    9
       24557   10
       24858   13
       24859   10
       24861    8
       24875   14
       24892    8
       24893   13
       24894   12
       24906    2
       24907   15
       25209   13
       25210    9
       25211   12
       25225   13
       25226    9
       25227   10
       25242    8
       25256   13
       25257   10
       25577   14
       25592    8
       25607   14
       25927   14
       25939    5
       25940   10
       25942    4
       25943    7
       25957   14
       26277   13
       26278   10
       26279    5
       26280   10
       26289    8
       26290   14
       26292    5
       26293   12
       26307   13
       26308   10
       26628   13
       26629   12
       26630   13
       26631   10
       26639    8
       26640   13
       26641   10
       26642    8
       26658   14
       26981   14
       26988    5
       26989   12
       26991   13
       26992   12
       27008   13
       27009    9
       27010    9
       27011   10
       27331   13
       27332   10
       27338    8
       27355    2
       27356    3
       27357    7
       27360    2
       27361   15
       27682   13
       27683   10
       27688    8
       27704    2
       27705   15
       27706    5
       27707   12
       27710   13
       27711   10
       28033   14
       28037    5
       28038   12
       28054   13
       28055   10
       28056    8
       28060    2
       28061   15
       28383   14
       28387    8
       28403   18
       28405   14
       28406    4
       28407    7
       28408    2
       28409    7
       28410   14
       28733   14
       28737    4
       28738    3
       28739    3
       28740    3
       28741    7
       28753    4
       28754    7
       28755   13
       28756   10
       28757    4
       28758   15
       28759    8
       28760   14
       29082    2
       29083   15
       29085    5
       29086    9
       29087   10
       29088    5
       29089    9
       29090    9
       29091   12
       29104    8
       29106   14
       29109    8
       29110   14
       29432   13
       29433   10
       29435    8
       29437   14
       29438    4
       29439    3
       29440    7
       29454    4
       29455    3
       29456   15
       29459    8
       29460   13
       29461   10
       29783   13
       29784    9
       29785   12
       29786    2
       29787   15
       29788    5
       29789    9
       29790   12
       29809    4
       29810    3
       29811   15
       30136   13
       30137    9
       30138   12
