       57206       34435
         201
          21          65
         241         259
         500
       32342    5
       32343   10
       32688    5
       32689    9
       32690    9
       32691    9
       32692   12
       32693   13
       32694    9
       32695   10
       32696    5
       32697   10
       33038    8
       33039    2
       33040    7
       33043    2
       33044    7
       33045   13
       33046   12
       33047   14
       33383    5
       33384    9
       33385   10
       33388    4
       33389   15
       33390    8
       33391    2
       33392    7
       33393   14
       33394    4
       33395    7
       33396    2
       33397   15
       33733    8
       33735   14
       33736    5
       33737    9
       33738    9
       33739    9
       33740   12
       33741   14
       33742    4
       33743   15
       33745    4
       33746   15
       34083    4
       34084    7
       34085   13
       34086   12
       34088    2
       34089    3
       34090    3
       34091   15
       34434    4
       34435   19
       34438   13
       34439    9
       34440   10
       34785    2
       34786    3
       34787    3
       34788    3
       34789    7
       34790   14
       35134    2
       35135   15
       35136    5
       35137   10
       35139    4
       35140   15
       35484   14
       35486    8
       35487   14
       35489    5
       35490   10
       35834   13
       35835   10
       35836    8
       35837   14
       35838    5
       35839   12
       35840   14
       36176    2
       36177    7
       36182    2
       36183    3
       36184    7
       36185   13
       36186   12
       36187   13
       36188   12
       36189    2
       36190   15
       36191    5
       36192    9
       36193   10
       36526   14
       36527    8
       36532   13
       36533   10
       36534    8
       36537    2
       36538    3
       36539   15
       36541    8
       36542    2
       36543   15
       36544    5
       36545    9
       36546    9
       36547    9
       36548   10
       36876   14
       36877    4
       36878    7
       36879    2
       36880    3
       36881    3
       36882    3
       36883   15
       36884    4
       36885    7
       36887   13
       36888   10
       36891    8
       36892   14
       36894    8
       36898   14
       37226   13
       37227   10
       37228    4
       37229   15
       37235    8
       37238   14
       37241    8
       37242   14
       37243    5
       37244   12
       37248   14
       37249    5
       37250   10
       37577   13
       37578   10
       37579    5
       37580    9
       37581   10
       37585    4
       37586    3
       37587    3
       37588   15
       37589    5
       37590    9
       37591   12
       37592   13
       37593   12
       37598   14
       37599    8
       37600   14
       37928   13
       37929   12
       37930    2
       37931   15
       37932    5
       37933    9
       37934   10
       37935    5
       37936    9
       37937   10
       37938    5
       37939   12
       37948   13
       37949   12
       37950   13
       37951   10
       38280   14
       38281    5
       38282   12
       38284   14
       38285    8
       38287   13
       38288   12
       38298    2
       38299    3
       38300    7
       38301   14
       38630   13
       38631   12
       38634   14
       38635    8
       38646    2
       38647    3
       38648   15
       38650    8
       38651   14
       38983    2
       38984   15
       38985    8
       38995    2
       38996   15
       38998    5
       38999   10
       39000    8
       39001   14
       39333   13
       39334    9
       39335   12
       39345   14
       39347    5
       39348   12
       39349   14
       39350    8
       39351   14
       39695   13
       39696    9
       39697   12
       39699   14
       39700    8
       39701   14
       40049   14
       40050    4
       40051   15
       40056    5
       40057   10
       40399   13
       40400   10
       40404    5
       40405    9
       40406   12
       40407   13
       40408   10
       40750   14
       40754    4
       40755    7
       40758   14
       41100   13
       41101   10
       41105    8
       41108   14
       41451   13
       41452   10
       41455    4
       41456    3
       41457    7
       41458   13
       41459   10
       41802   13
       41803    9
       41804    9
       41805   10
       41806    5
       41807   12
       41809   14
       42155   13
       42156   12
       42159   14
       42509   13
       42510   10
       42860   13
       42861   10
       43211   13
       43212    9
       43213   10
       43563   13
       43564    9
       43565   10
       43566    5
       43567    9
       43568   10
       43573    5
       43574   10
       43575    5
       43576    9
       43577   10
       43915   14
       43916    8
       43918   13
       43919    9
       43920   10
       43922    5
       43923   12
       43924   13
       43925   12
       43927   13
       43928    9
       43929   10
       44265   13
       44266   12
       44269    2
       44270   15
       44272    4
       44273    7
       44275    2
       44276    7
       44279   14
       44619   13
       44620    9
       44621   10
       44622    5
       44623   12
       44625   14
       44626    8
       44629   13
       44630   10
       44971   13
       44972   12
       44973    2
       44974    3
       44975   15
       44976    8
       44979    2
       44980   15
       45315    2
       45316    3
       45317    7
       45323   13
       45324    9
       45325   10
       45326    4
       45327    3
       45328    7
       45329   13
       45330   10
       45665   13
       45666   10
       45667    8
       45671    2
       45672    3
       45673    7
       45674    2
       45675   15
       45678    4
       45679    3
       45680   15
       46016   14
       46017    8
       46021   14
       46023    8
       46024   13
       46025    9
       46026   10
       46366   14
       46367    4
       46368    7
       46371   13
       46372   10
       46373    8
       46374    2
       46375    3
       46376   15
       46716   14
       46717    5
       46718   12
       46719    2
       46720    3
       46721    7
       46722   14
       46723    8
       46724   14
       47065    2
       47066   15
       47067    4
       47068    3
       47069   15
       47071    4
       47072   15
       47073    8
       47074   14
       47415   14
       47422    5
       47423   12
       47424   14
       47765   13
       47766   10
       47772    4
       47773    7
       47774   14
       48112    2
       48113    7
       48116   13
       48117    9
       48118   10
       48121    5
       48122    9
       48123   12
       48124   13
       48125   10
       48462   14
       48463    4
       48464    3
       48465    3
       48466    3
       48467    3
       48468   15
       48471    4
       48472    7
       48473    2
       48474    3
       48475   15
       48812   14
       48814    5
       48815   10
       48822    4
       48823   15
       49162   14
       49164    8
       49165   14
       49512   13
       49513   10
       49514    8
       49515   13
       49516   10
       49863   13
       49864   12
       49866   14
       50215    2
       50216   15
       50565   14
       50915   13
       50916   10
       51264    2
       51265    3
       51266   15
       51613    2
       51614   15
       51963   14
       52312    2
       52313   15
       52662   13
       52663    9
       52664    9
       52665   10
       53014    2
       53015   15
       53364   13
       53365   10
       53715   14
       53717    5
       53718    9
       53719    9
       53720   10
       54065   14
       54066    5
       54067   12
       54068    2
       54069    7
       54070   14
       54415   13
       54416   12
       54418   14
       54419    4
       54420   15
       54765    2
       54766    7
       54768   14
       55112    2
       55113    3
       55114    7
       55115   14
       55116    4
       55117    3
       55118   15
       55462   13
       55463   10
       55464    4
       55465   15
       55813   13
       55814   10
       56164   14
       56511    2
       56512    3
       56513    3
       56514   15
       56861   13
       56862    9
       56863    9
       56864    9
       56865    9
       56866   10
       57206   17
       57207    7
       57209    2
       57210    7
       57211    2
       57212    3
       57213    7
       57216   14
       57557    4
       57558    3
       57559   15
       57560    4
       57561   15
       57563    8
       57566   14
       57913    4
       57914    3
       57915    7
       57916   13
       57917   10
       58265    4
       58266    3
       58267   15
