 ira =       104507   masha =       104170
           0           0      104507
          -1           0      104506
          -2           0      104505
          -3           0      104504
          -3          -1      104154
          -4          -1      104153
          -5          -1      104152
          -5           0      104502
          -5           1      104852
          -4           1      104853
          -4           2      105203
          -4           3      105553
          -3           3      105554
          -3           2      105204
          -3           1      104854
          -2           1      104855
          -2           2      105205
          -1           2      105206
          -1           3      105556
           0           3      105557
           0           2      105207
           1           2      105208
           1           1      104858
           1           0      104508
           1          -1      104158
           1          -2      103808
           0          -2      103807
           0          -3      103457
           0          -4      103107
          -1          -4      103106
          -1          -3      103456
          -1          -2      103806
          -2          -2      103805
          -3          -2      103804
          -4          -2      103803
          -4          -3      103453
          -5          -3      103452
          -5          -4      103102
          -4          -4      103103
          -3          -4      103104
          -3          -3      103454
          -2          -3      103455
          -2          -4      103105
          -2          -5      102755
          -1          -5      102756
           0          -5      102757
           0          -6      102407
           0          -7      102057
           0          -8      101707
          -1          -8      101706
          -1          -7      102056
          -2          -7      102055
          -2          -8      101705
          -2          -9      101355
          -2         -10      101005
          -3         -10      101004
          -3         -11      100654
          -2         -11      100655
          -1         -11      100656
           0         -11      100657
           0         -10      101007
          -1         -10      101006
          -1          -9      101356
           0          -9      101357
           1          -9      101358
           2          -9      101359
           2          -8      101709
           2          -7      102059
           3          -7      102060
           3          -8      101710
           3          -9      101360
           3         -10      101010
           2         -10      101009
           1         -10      101008
           1         -11      100658
           1         -12      100308
           2         -12      100309
           2         -13       99959
           1         -13       99958
           1         -14       99608
           2         -14       99609
           3         -14       99610
           4         -14       99611
           4         -15       99261
           3         -15       99260
           2         -15       99259
           2         -16       98909
           3         -16       98910
           3         -17       98560
           2         -17       98559
           1         -17       98558
           1         -16       98908
           0         -16       98907
           0         -15       99257
          -1         -15       99256
          -2         -15       99255
          -2         -14       99605
          -2         -13       99955
          -1         -13       99956
          -1         -14       99606
           0         -14       99607
           0         -13       99957
           0         -12      100307
          -1         -12      100306
          -2         -12      100305
          -3         -12      100304
          -4         -12      100303
          -4         -13       99953
          -3         -13       99954
          -3         -14       99604
          -4         -14       99603
          -4         -15       99253
          -4         -16       98903
          -5         -16       98902
          -6         -16       98901
          -6         -17       98551
          -6         -18       98201
          -5         -18       98202
          -4         -18       98203
          -4         -19       97853
          -3         -19       97854
          -3         -20       97504
          -4         -20       97503
          -5         -20       97502
          -5         -19       97852
          -6         -19       97851
          -6         -20       97501
          -6         -21       97151
          -6         -22       96801
          -6         -23       96451
          -5         -23       96452
          -5         -24       96102
          -4         -24       96103
          -4         -25       95753
          -4         -26       95403
          -3         -26       95404
          -3         -25       95754
          -2         -25       95755
          -2         -24       96105
          -2         -23       96455
          -2         -22       96805
          -3         -22       96804
          -3         -23       96454
          -4         -23       96453
          -4         -22       96803
          -5         -22       96802
          -5         -21       97152
          -4         -21       97153
          -3         -21       97154
          -2         -21       97155
          -1         -21       97156
           0         -21       97157
           0         -22       96807
          -1         -22       96806
          -1         -23       96456
          -1         -24       96106
           0         -24       96107
           1         -24       96108
           1         -25       95758
           2         -25       95759
           2         -24       96109
           3         -24       96110
           3         -25       95760
           4         -25       95761
           5         -25       95762
           5         -24       96112
           5         -23       96462
           6         -23       96463
           6         -24       96113
           6         -25       95763
           6         -26       95413
           6         -27       95063
           5         -27       95062
           4         -27       95061
           3         -27       95060
           2         -27       95059
           1         -27       95058
           1         -26       95408
           0         -26       95407
           0         -25       95757
          -1         -25       95756
          -1         -26       95406
          -2         -26       95405
          -2         -27       95055
          -1         -27       95056
          -1         -28       94706
           0         -28       94707
           1         -28       94708
           1         -29       94358
           0         -29       94357
          -1         -29       94356
          -1         -30       94006
           0         -30       94007
           1         -30       94008
           2         -30       94009
           2         -29       94359
           2         -28       94709
           3         -28       94710
           3         -29       94360
           3         -30       94010
           4         -30       94011
           5         -30       94012
           5         -31       93662
           6         -31       93663
           6         -30       94013
           6         -29       94363
           6         -28       94713
           7         -28       94714
           8         -28       94715
           8         -27       95065
           9         -27       95066
           9         -26       95416
           9         -25       95766
           9         -24       96116
           8         -24       96115
           7         -24       96114
           7         -23       96464
           8         -23       96465
           9         -23       96466
          10         -23       96467
          10         -24       96117
          10         -25       95767
          11         -25       95768
          11         -24       96118
          12         -24       96119
          12         -25       95769
          13         -25       95770
          14         -25       95771
          14         -24       96121
          14         -23       96471
          15         -23       96472
          15         -24       96122
          16         -24       96123
          17         -24       96124
          17         -25       95774
          16         -25       95773
          15         -25       95772
          15         -26       95422
          16         -26       95423
          16         -27       95073
          17         -27       95074
          17         -28       94724
          18         -28       94725
          18         -27       95075
          19         -27       95076
          20         -27       95077
          20         -26       95427
          19         -26       95426
          18         -26       95425
          18         -25       95775
          18         -24       96125
          18         -23       96475
          19         -23       96476
          19         -24       96126
          19         -25       95776
          20         -25       95777
          20         -24       96127
          21         -24       96128
          21         -23       96478
          21         -22       96828
          21         -21       97178
          21         -20       97528
          22         -20       97529
          22         -21       97179
          23         -21       97180
          23         -20       97530
          23         -19       97880
          22         -19       97879
          21         -19       97878
          21         -18       98228
          20         -18       98227
          19         -18       98226
          19         -17       98576
          20         -17       98577
          20         -16       98927
          21         -16       98928
          21         -15       99278
          22         -15       99279
          22         -14       99629
          22         -13       99979
          23         -13       99980
          23         -12      100330
          23         -11      100680
          24         -11      100681
          24         -12      100331
          24         -13       99981
          24         -14       99631
          24         -15       99281
          25         -15       99282
          25         -14       99632
          26         -14       99633
          27         -14       99634
          27         -13       99984
          26         -13       99983
          26         -12      100333
          25         -12      100332
          25         -11      100682
          25         -10      101032
          24         -10      101031
          23         -10      101030
          22         -10      101029
          22         -11      100679
          22         -12      100329
          21         -12      100328
          21         -11      100678
          21         -10      101028
          20         -10      101027
          20         -11      100677
          19         -11      100676
          19         -10      101026
          18         -10      101025
          18         -11      100675
          18         -12      100325
          19         -12      100326
          19         -13       99976
          19         -14       99626
          19         -15       99276
          18         -15       99275
          18         -14       99625
          18         -13       99975
          17         -13       99974
          17         -14       99624
          17         -15       99274
          17         -16       98924
          18         -16       98925
          18         -17       98575
          17         -17       98574
          17         -18       98224
          16         -18       98223
          16         -19       97873
          16         -20       97523
          16         -21       97173
          17         -21       97174
          17         -20       97524
          18         -20       97525
          18         -21       97175
          18         -22       96825
          17         -22       96824
          17         -23       96474
          16         -23       96473
          16         -22       96823
          15         -22       96822
          15         -21       97172
          14         -21       97171
          13         -21       97170
          12         -21       97169
          12         -20       97519
          12         -19       97869
          12         -18       98219
          13         -18       98220
          13         -19       97870
          13         -20       97520
          14         -20       97521
          15         -20       97522
          15         -19       97872
          14         -19       97871
          14         -18       98221
          14         -17       98571
          15         -17       98572
          16         -17       98573
          16         -16       98923
          16         -15       99273
          16         -14       99623
          16         -13       99973
          15         -13       99972
          15         -14       99622
          15         -15       99272
          14         -15       99271
          13         -15       99270
          13         -14       99620
          13         -13       99970
          13         -12      100320
          14         -12      100321
          15         -12      100322
          16         -12      100323
          16         -11      100673
          15         -11      100672
          14         -11      100671
          14         -10      101021
          13         -10      101020
          13         -11      100670
          12         -11      100669
          12         -12      100319
          11         -12      100318
          11         -11      100668
          11         -10      101018
          10         -10      101017
          10          -9      101367
           9          -9      101366
           8          -9      101365
           8         -10      101015
           8         -11      100665
           8         -12      100315
           7         -12      100314
           6         -12      100313
           6         -13       99963
           6         -14       99613
           7         -14       99614
           7         -13       99964
           8         -13       99965
           9         -13       99966
          10         -13       99967
          11         -13       99968
          11         -14       99618
          12         -14       99619
          12         -15       99269
          11         -15       99268
          10         -15       99267
          10         -16       98917
          11         -16       98918
          12         -16       98919
          13         -16       98920
          13         -17       98570
          12         -17       98569
          11         -17       98568
          11         -18       98218
          11         -19       97868
          10         -19       97867
          10         -18       98217
          10         -17       98567
           9         -17       98566
           9         -18       98216
           9         -19       97866
           8         -19       97865
           7         -19       97864
           6         -19       97863
           5         -19       97862
           5         -18       98212
           5         -17       98562
           4         -17       98561
           4         -16       98911
           5         -16       98912
           5         -15       99262
           5         -14       99612
           5         -13       99962
           4         -13       99961
           3         -13       99960
           3         -12      100310
           3         -11      100660
           4         -11      100661
           5         -11      100662
           6         -11      100663
           7         -11      100664
           7         -10      101014
           6         -10      101013
           6          -9      101363
           6          -8      101713
           5          -8      101712
           5          -9      101362
           5         -10      101012
           4         -10      101011
           4          -9      101361
           4          -8      101711
           4          -7      102061
           5          -7      102062
           6          -7      102063
           6          -6      102413
           5          -6      102412
           5          -5      102762
           6          -5      102763
           6          -4      103113
           5          -4      103112
           4          -4      103111
           4          -5      102761
           4          -6      102411
           3          -6      102410
           3          -5      102760
           3          -4      103110
           3          -3      103460
           4          -3      103461
           4          -2      103811
           5          -2      103812
           6          -2      103813
           7          -2      103814
           7          -1      104164
           6          -1      104163
           5          -1      104162
           5           0      104512
           5           1      104862
           6           1      104863
           6           0      104513
           7           0      104514
           8           0      104515
           8          -1      104165
           8          -2      103815
           8          -3      103465
           8          -4      103115
           9          -4      103116
           9          -5      102766
           9          -6      102416
           9          -7      102066
          10          -7      102067
          10          -6      102417
          10          -5      102767
          10          -4      103117
          11          -4      103118
          12          -4      103119
          12          -3      103469
          12          -2      103819
          12          -1      104169
          13          -1      104170
