 ira =        22047   masha =        15715
           0           0       22047
           0           1       22397
           1           1       22398
           1           0       22048
           1          -1       21698
           2          -1       21699
           2           0       22049
           2           1       22399
           3           1       22400
           4           1       22051
           4           2       22401
           3           2       22750
           3           3       23100
           4           3       22751
           5           3       22752
           5           4       23102
           4           4       23101
           3           4       23450
           3           5       23800
           4           5       23451
           4           6       23801
           4           7       24151
           3           7       24500
           2           7       24499
           1           7       24498
           0           7       24497
           0           8       24847
           1           8       24848
           2           8       24849
           3           8       24850
           3           9       25200
           2           9       25199
           2          10       25549
           3          10       25550
           4          10       25201
           4           9       24851
           4           8       24501
           5           8       24502
           5           7       24152
           6           7       24153
           7           7       24154
           7           6       23804
           7           5       23454
           8           5       23455
           8           6       23805
           8           7       24155
           8           8       24505
           9           8       24506
           9           9       24856
           8           9       24855
           7           9       24854
           7           8       24504
           6           8       24503
           6           9       24853
           6          10       25203
           7          10       25204
           7          11       25554
           8          11       25555
           9          11       25556
          10          11       25557
          10          10       25207
          11          10       25208
          11           9       24858
          12           9       24859
          12          10       25209
          12          11       25559
          11          11       25558
          11          12       25908
          10          12       25907
           9          12       25906
           8          12       25905
           7          12       25904
           6          12       25903
           5          12       25902
           4          12       25901
           4          11       25551
           3          11       25900
           2          11       25899
           2          12       26249
           2          13       26599
           2          14       26949
           1          14       26948
           1          13       26598
           0          13       26597
           0          12       26247
           0          11       25897
           0          10       25547
           1          10       25548
           1           9       25198
           0           9       25197
          -1           9       25196
          -1           8       24846
          -1           7       24496
          -2           7       24495
          -2           6       24145
          -1           6       24146
          -1           5       23796
          -1           4       23446
          -2           4       23445
          -2           3       23095
          -3           3       23094
          -3           2       22744
          -4           2       22743
          -4           1       22393
          -5           1       22392
          -5           2       22742
          -6           2       22741
          -7           2       22740
          -8           2       22739
          -8           1       22389
          -7           1       22390
          -6           1       22391
          -6           0       22041
          -7           0       22040
          -8           0       22039
          -8          -1       21689
          -7          -1       21690
          -7          -2       21340
          -7          -3       20990
          -8          -3       20989
          -8          -2       21339
          -9          -2       21338
          -9          -3       20988
          -9          -4       20638
          -9          -5       20288
          -8          -5       20289
          -8          -4       20639
          -7          -4       20640
          -7          -5       20290
          -7          -6       19940
          -7          -7       19590
          -8          -7       19589
          -8          -8       19239
          -8          -9       18889
          -8         -10       18539
          -9         -10       18538
          -9          -9       18888
          -9          -8       19238
         -10          -8       19237
         -10          -9       18887
         -11          -9       18886
         -12          -9       18885
         -12          -8       19235
         -11          -8       19236
         -11          -7       19586
         -10          -7       19587
         -10          -6       19937
         -11          -6       19936
         -12          -6       19935
         -12          -7       19585
         -13          -7       19584
         -13          -6       19934
         -13          -5       20284
         -14          -5       20283
         -15          -5       20282
         -16          -5       20281
         -17          -5       20280
         -18          -5       20279
         -19          -5       20278
         -19          -4       20628
         -20          -4       20627
         -20          -3       20977
         -20          -2       21327
         -20          -1       21677
         -19          -1       21678
         -18          -1       21679
         -17          -1       21680
         -16          -1       21681
         -16          -2       21331
         -15          -2       21332
         -15          -1       21682
         -15           0       22032
         -16           0       22031
         -17           0       22030
         -18           0       22029
         -18           1       22379
         -19           1       22378
         -20           1       22377
         -20           0       22027
         -21           0       22026
         -22           0       22025
         -22           1       22375
         -21           1       22376
         -21           2       22726
         -21           3       23076
         -20           3       23077
         -20           2       22727
         -19           2       22728
         -19           3       23078
         -19           4       23428
         -20           4       23427
         -20           5       23777
         -19           5       23778
         -19           6       24128
         -19           7       24478
         -19           8       24828
         -20           8       24827
         -20           7       24477
         -20           6       24127
         -21           6       24126
         -21           7       24476
         -21           8       24826
         -21           9       25176
         -20           9       25177
         -19           9       25178
         -19          10       25528
         -19          11       25878
         -18          11       25879
         -18          10       25529
         -18           9       25179
         -17           9       25180
         -17          10       25530
         -16          10       25531
         -16          11       25881
         -17          11       25880
         -17          12       26230
         -18          12       26229
         -19          12       26228
         -19          13       26578
         -18          13       26579
         -17          13       26580
         -17          14       26930
         -18          14       26929
         -19          14       26928
         -20          14       26927
         -20          15       27277
         -21          15       27276
         -21          14       26926
         -21          13       26576
         -20          13       26577
         -20          12       26227
         -21          12       26226
         -22          12       26225
         -23          12       26224
         -23          13       26574
         -23          14       26924
         -23          15       27274
         -24          15       27273
         -24          14       26923
         -24          13       26573
         -24          12       26223
         -24          11       25873
         -24          10       25523
         -23          10       25524
         -23          11       25874
         -22          11       25875
         -22          10       25525
         -22           9       25175
         -22           8       24825
         -22           7       24475
         -22           6       24125
         -22           5       23775
         -21           5       23776
         -21           4       23426
         -22           4       23425
         -23           4       23424
         -23           5       23774
         -23           6       24124
         -23           7       24474
         -23           8       24824
         -24           8       24823
         -24           9       25173
         -25           9       25172
         -26           9       25171
         -26           8       24821
         -25           8       24822
         -25           7       24472
         -26           7       24471
         -27           7       24470
         -27           6       24120
         -26           6       24121
         -25           6       24122
         -25           5       23772
         -26           5       23771
         -26           4       23421
         -27           4       23420
         -27           3       23070
         -26           3       23071
         -25           3       23072
         -24           3       23073
         -23           3       23074
         -22           3       23075
         -22           2       22725
         -23           2       22724
         -24           2       22723
         -24           1       22373
         -24           0       22023
         -24          -1       21673
         -23          -1       21674
         -22          -1       21675
         -21          -1       21676
         -21          -2       21326
         -22          -2       21325
         -23          -2       21324
         -23          -3       20974
         -22          -3       20975
         -21          -3       20976
         -21          -4       20626
         -22          -4       20625
         -22          -5       20275
         -23          -5       20274
         -23          -4       20624
         -24          -4       20623
         -24          -5       20273
         -24          -6       19923
         -24          -7       19573
         -24          -8       19223
         -25          -8       19222
         -25          -9       18872
         -25         -10       18522
         -25         -11       18172
         -24         -11       18173
         -23         -11       18174
         -23         -10       18524
         -24         -10       18523
         -24          -9       18873
         -23          -9       18874
         -23          -8       19224
         -22          -8       19225
         -22          -9       18875
         -21          -9       18876
         -21         -10       18526
         -22         -10       18525
         -22         -11       18175
         -21         -11       18176
         -21         -12       17826
         -21         -13       17476
         -22         -13       17475
         -23         -13       17474
         -24         -13       17473
         -24         -12       17823
         -25         -12       17822
         -25         -13       17472
         -25         -14       17122
         -26         -14       17121
         -26         -13       17471
         -27         -13       17470
         -27         -12       17820
         -28         -12       17819
         -28         -11       18169
         -27         -11       18170
         -27         -10       18520
         -27          -9       18870
         -28          -9       18869
         -29          -9       18868
         -29          -8       19218
         -29          -7       19568
         -28          -7       19569
         -28          -6       19919
         -27          -6       19920
         -27          -5       20270
         -26          -5       20271
         -26          -6       19921
         -25          -6       19922
         -25          -5       20272
         -25          -4       20622
         -25          -3       20972
         -26          -3       20971
         -27          -3       20970
         -27          -4       20620
         -28          -4       20619
         -28          -5       20269
         -29          -5       20268
         -29          -6       19918
         -30          -6       19917
         -30          -5       20267
         -30          -4       20617
         -29          -4       20618
         -29          -3       20968
         -30          -3       20967
         -30          -2       21317
         -29          -2       21318
         -29          -1       21668
         -30          -1       21667
         -31          -1       21666
         -32          -1       21665
         -32          -2       21315
         -33          -2       21314
         -34          -2       21313
         -34          -1       21663
         -35          -1       21662
         -35          -2       21312
         -35          -3       20962
         -34          -3       20963
         -33          -3       20964
         -33          -4       20614
         -34          -4       20613
         -34          -5       20263
         -35          -5       20262
         -35          -6       19912
         -36          -6       19911
         -36          -5       20261
         -37          -5       20260
         -37          -6       19910
         -38          -6       19909
         -38          -5       20259
         -38          -4       20609
         -37          -4       20610
         -36          -4       20611
         -36          -3       20961
         -37          -3       20960
         -37          -2       21310
         -37          -1       21660
         -36          -1       21661
         -36           0       22011
         -37           0       22010
         -38           0       22009
         -38          -1       21659
         -39          -1       21658
         -39          -2       21308
         -39          -3       20958
         -39          -4       20608
         -40          -4       20607
         -40          -5       20257
         -39          -5       20258
         -39          -6       19908
         -40          -6       19907
         -41          -6       19906
         -41          -5       20256
         -42          -5       20255
         -42          -4       20605
         -43          -4       20604
         -43          -5       20254
         -43          -6       19904
         -42          -6       19905
         -42          -7       19555
         -41          -7       19556
         -40          -7       19557
         -39          -7       19558
         -39          -8       19208
         -38          -8       19209
         -38          -9       18859
         -38         -10       18509
         -38         -11       18159
         -37         -11       18160
         -36         -11       18161
         -36         -10       18511
         -35         -10       18512
         -35         -11       18162
         -34         -11       18163
         -34         -12       17813
         -35         -12       17812
         -36         -12       17811
         -37         -12       17810
         -37         -13       17460
         -36         -13       17461
         -35         -13       17462
         -35         -14       17112
         -34         -14       17113
         -33         -14       17114
         -33         -13       17464
         -33         -12       17814
         -32         -12       17815
         -32         -11       18165
         -31         -11       18166
         -31         -12       17816
         -30         -12       17817
         -29         -12       17818
         -29         -13       17468
         -28         -13       17469
         -28         -14       17119
         -28         -15       16769
         -28         -16       16419
         -28         -17       16069
         -27         -17       16070
         -27         -18       15720
         -28         -18       15719
         -28         -19       15369
         -29         -19       15368
         -29         -18       15718
         -30         -18       15717
         -31         -18       15716
         -31         -17       16066
         -30         -17       16067
         -29         -17       16068
         -29         -16       16418
         -30         -16       16417
         -31         -16       16416
         -31         -15       16766
         -31         -14       17116
         -30         -14       17117
         -30         -13       17467
         -31         -13       17466
         -32         -13       17465
         -32         -14       17115
         -32         -15       16765
         -32         -16       16415
         -32         -17       16065
         -33         -17       16064
         -33         -16       16414
         -33         -15       16764
         -34         -15       16763
         -34         -16       16413
         -34         -17       16063
         -35         -17       16062
         -35         -18       15712
         -35         -19       15362
         -34         -19       15363
         -34         -18       15713
         -33         -18       15714
         -32         -18       15715
