 ira =        12951   masha =        28403
           0           0       12951
           1           0       12952
           2           0       12953
           3           0       12954
           3          -1       12604
           3          -2       12254
           2          -2       12253
           2          -1       12603
           1          -1       12602
           1          -2       12252
           0          -2       12251
           0          -3       11901
           1          -3       11902
           1          -4       11552
           1          -5       11202
           1          -6       10852
           2          -6       10853
           2          -7       10503
           2          -8       10153
           2          -9        9803
           1          -9        9802
           1         -10        9452
           2         -10        9453
           2         -11        9103
           3         -11        9104
           4         -11        9105
           5         -11        9106
           5         -12        8756
           4         -12        8755
           3         -12        8754
           2         -12        8753
           2         -13        8403
           2         -14        8053
           1         -14        8052
           0         -14        8051
          -1         -14        8400
          -1         -15        8050
          -2         -15        8049
          -3         -15        8048
          -4         -15        8047
          -4         -16        7697
          -4         -17        7347
          -3         -17        7348
          -3         -18        6998
          -3         -19        6648
          -2         -19        6649
          -2         -18        6999
          -2         -17        7349
          -2         -16        7699
          -1         -16        7700
           0         -16        7351
           0         -15        7701
           1         -15        7702
           2         -15        7703
           2         -16        7353
           3         -16        7354
           4         -16        7355
           5         -16        7356
           6         -16        7357
           7         -16        7358
           7         -15        7708
           7         -14        8058
           8         -14        8059
           9         -14        8060
           9         -15        7710
          10         -15        7711
          10         -16        7361
          10         -17        7011
           9         -17        7010
           9         -16        7360
           8         -16        7359
           8         -17        7009
           7         -17        7008
           6         -17        7007
           5         -17        7006
           5         -18        6656
           6         -18        6657
           6         -19        6307
           5         -19        6306
           5         -20        5956
           5         -21        5606
           4         -21        5605
           3         -21        5604
           2         -21        5603
           1         -21        5602
           1         -20        5952
           1         -19        6302
           0         -19        6301
          -1         -19        6650
          -1         -20        6300
          -2         -20        6299
          -2         -21        5949
          -3         -21        5948
          -3         -20        6298
          -4         -20        6297
          -5         -20        6296
          -6         -20        6295
          -6         -21        5945
          -7         -21        5944
          -7         -20        6294
          -8         -20        6293
          -8         -19        6643
          -7         -19        6644
          -7         -18        6994
          -6         -18        6995
          -6         -19        6645
          -5         -19        6646
          -4         -19        6647
          -4         -18        6997
          -5         -18        6996
          -5         -17        7346
          -5         -16        7696
          -5         -15        8046
          -6         -15        8045
          -6         -14        8395
          -5         -14        8396
          -5         -13        8746
          -4         -13        8747
          -4         -14        8397
          -3         -14        8398
          -2         -14        8399
          -2         -13        8749
          -1         -13        8750
           0         -13        8401
           1         -13        8402
           1         -12        8752
           1         -11        9102
           0         -11        9101
           0         -10        9451
           0          -9        9801
           0          -8       10151
           1          -8       10152
           1          -7       10502
           0          -7       10501
          -1          -7       10850
          -1          -8       10500
          -2          -8       10499
          -3          -8       10498
          -4          -8       10497
          -4          -9       10147
          -4         -10        9797
          -3         -10        9798
          -3         -11        9448
          -4         -11        9447
          -5         -11        9446
          -5         -10        9796
          -5          -9       10146
          -6          -9       10145
          -7          -9       10144
          -7          -8       10494
          -8          -8       10493
          -8          -7       10843
          -8          -6       11193
          -7          -6       11194
          -7          -5       11544
          -8          -5       11543
          -8          -4       11893
          -8          -3       12243
          -7          -3       12244
          -6          -3       12245
          -6          -4       11895
          -6          -5       11545
          -5          -5       11546
          -5          -6       11196
          -6          -6       11195
          -6          -7       10845
          -6          -8       10495
          -5          -8       10496
          -5          -7       10846
          -4          -7       10847
          -3          -7       10848
          -2          -7       10849
          -2          -6       11199
          -3          -6       11198
          -4          -6       11197
          -4          -5       11547
          -4          -4       11897
          -4          -3       12247
          -3          -3       12248
          -3          -4       11898
          -3          -5       11548
          -2          -5       11549
          -1          -5       11550
          -1          -6       11200
           0          -6       10851
           0          -5       11201
           0          -4       11551
          -1          -4       11900
          -2          -4       11899
          -2          -3       12249
          -1          -3       12250
          -1          -2       12600
          -2          -2       12599
          -2          -1       12949
          -1          -1       12950
          -1           0       13300
          -2           0       13299
          -3           0       13298
          -3           1       13648
          -3           2       13998
          -3           3       14348
          -4           3       14347
          -5           3       14346
          -6           3       14345
          -7           3       14344
          -8           3       14343
          -9           3       14342
          -9           2       13992
         -10           2       13991
         -10           3       14341
         -11           3       14340
         -11           2       13990
         -11           1       13640
         -12           1       13639
         -12           2       13989
         -12           3       14339
         -12           4       14689
         -11           4       14690
         -10           4       14691
          -9           4       14692
          -8           4       14693
          -7           4       14694
          -7           5       15044
          -8           5       15043
          -9           5       15042
          -9           6       15392
         -10           6       15391
         -11           6       15390
         -11           5       15040
         -12           5       15039
         -13           5       15038
         -14           5       15037
         -14           4       14687
         -13           4       14688
         -13           3       14338
         -13           2       13988
         -13           1       13638
         -13           0       13288
         -12           0       13289
         -11           0       13290
         -11          -1       12940
         -12          -1       12939
         -13          -1       12938
         -14          -1       12937
         -14           0       13287
         -14           1       13637
         -14           2       13987
         -14           3       14337
         -15           3       14336
         -15           4       14686
         -15           5       15036
         -15           6       15386
         -14           6       15387
         -13           6       15388
         -13           7       15738
         -14           7       15737
         -15           7       15736
         -15           8       16086
         -16           8       16085
         -16           9       16435
         -16          10       16785
         -16          11       17135
         -16          12       17485
         -15          12       17486
         -15          13       17836
         -16          13       17835
         -17          13       17834
         -17          12       17484
         -17          11       17134
         -18          11       17133
         -18          12       17483
         -18          13       17833
         -18          14       18183
         -17          14       18184
         -17          15       18534
         -16          15       18535
         -16          14       18185
         -15          14       18186
         -14          14       18187
         -13          14       18188
         -13          13       17838
         -12          13       17839
         -11          13       17840
         -10          13       17841
         -10          14       18191
          -9          14       18192
          -9          13       17842
          -8          13       17843
          -8          12       17493
          -9          12       17492
          -9          11       17142
         -10          11       17141
         -10          10       16791
         -11          10       16790
         -11          11       17140
         -12          11       17139
         -13          11       17138
         -13          10       16788
         -12          10       16789
         -12           9       16439
         -13           9       16438
         -14           9       16437
         -14           8       16087
         -13           8       16088
         -12           8       16089
         -11           8       16090
         -10           8       16091
         -10           7       15741
          -9           7       15742
          -9           8       16092
          -9           9       16442
          -9          10       16792
          -8          10       16793
          -8           9       16443
          -8           8       16093
          -8           7       15743
          -7           7       15744
          -7           8       16094
          -6           8       16095
          -6           7       15745
          -6           6       15395
          -5           6       15396
          -5           5       15046
          -6           5       15045
          -6           4       14695
          -5           4       14696
          -4           4       14697
          -4           5       15047
          -3           5       15048
          -2           5       15049
          -2           6       15399
          -1           6       15400
          -1           5       15050
          -1           4       14700
          -1           3       14350
          -2           3       14349
          -2           2       13999
          -2           1       13649
          -1           1       13650
           0           1       13301
           1           1       13302
           1           2       13652
           2           2       13653
           2           1       13303
           3           1       13304
           4           1       13305
           4           0       12955
           4          -1       12605
           4          -2       12255
           4          -3       11905
           5          -3       11906
           6          -3       11907
           7          -3       11908
           8          -3       11909
           8          -2       12259
           7          -2       12258
           6          -2       12257
           6          -1       12607
           7          -1       12608
           8          -1       12609
           8           0       12959
           8           1       13309
           9           1       13310
           9           0       12960
           9          -1       12610
          10          -1       12611
          11          -1       12612
          12          -1       12613
          12          -2       12263
          13          -2       12264
          13          -3       11914
          12          -3       11913
          11          -3       11912
          11          -2       12262
          10          -2       12261
          10          -3       11911
          10          -4       11561
          11          -4       11562
          11          -5       11212
          11          -6       10862
          11          -7       10512
          10          -7       10511
          10          -6       10861
           9          -6       10860
           9          -7       10510
           8          -7       10509
           8          -6       10859
           8          -5       11209
           7          -5       11208
           7          -6       10858
           6          -6       10857
           5          -6       10856
           5          -7       10506
           6          -7       10507
           7          -7       10508
           7          -8       10158
           7          -9        9808
           6          -9        9807
           6         -10        9457
           6         -11        9107
           6         -12        8757
           7         -12        8758
           7         -11        9108
           8         -11        9109
           8         -12        8759
           9         -12        8760
           9         -11        9110
          10         -11        9111
          10         -10        9461
          10          -9        9811
          10          -8       10161
          11          -8       10162
          12          -8       10163
          13          -8       10164
          14          -8       10165
          15          -8       10166
          15          -7       10516
          15          -6       10866
          14          -6       10865
          14          -5       11215
          13          -5       11214
          13          -4       11564
          14          -4       11565
          15          -4       11566
          16          -4       11567
          16          -3       11917
          15          -3       11916
          14          -3       11915
          14          -2       12265
          14          -1       12615
          14           0       12965
          15           0       12966
          15           1       13316
          15           2       13666
          16           2       13667
          16           1       13317
          17           1       13318
          17           2       13668
          17           3       14018
          16           3       14017
          15           3       14016
          14           3       14015
          14           4       14365
          14           5       14715
          14           6       15065
          15           6       15066
          15           5       14716
          15           4       14366
          16           4       14367
          16           5       14717
          16           6       15067
          16           7       15417
          17           7       15418
          18           7       15419
          18           8       15769
          17           8       15768
          16           8       15767
          16           9       16117
          17           9       16118
          17          10       16468
          16          10       16467
          15          10       16466
          15           9       16116
          15           8       15766
          15           7       15416
          14           7       15415
          14           8       15765
          14           9       16115
          14          10       16465
          13          10       16464
          13          11       16814
          12          11       16813
          11          11       16812
          11          12       17162
          12          12       17163
          13          12       17164
          14          12       17165
          14          13       17515
          14          14       17865
          13          14       17864
          13          13       17514
          12          13       17513
          11          13       17512
          10          13       17511
          10          12       17161
           9          12       17160
           8          12       17159
           8          13       17509
           7          13       17508
           6          13       17507
           6          14       17857
           6          15       18207
           7          15       18208
           7          16       18558
           8          16       18559
           8          17       18909
           8          18       19259
           9          18       19260
           9          17       18910
           9          16       18560
          10          16       18561
          10          17       18911
          10          18       19261
          11          18       19262
          11          19       19612
          12          19       19613
          12          20       19963
          12          21       20313
          13          21       20314
          13          20       19964
          14          20       19965
          14          19       19615
          13          19       19614
          13          18       19264
          14          18       19265
          14          17       18915
          13          17       18914
          12          17       18913
          11          17       18912
          11          16       18562
          11          15       18212
          10          15       18211
           9          15       18210
           8          15       18209
           8          14       17859
           9          14       17860
          10          14       17861
          11          14       17862
          12          14       17863
          12          15       18213
          12          16       18563
          13          16       18564
          14          16       18565
          15          16       18566
          15          15       18216
          16          15       18217
          16          14       17867
          17          14       17868
          17          15       18218
          18          15       18219
          18          16       18569
          17          16       18568
          17          17       18918
          17          18       19268
          18          18       19269
          18          19       19619
          17          19       19618
          17          20       19968
          16          20       19967
          16          19       19617
          15          19       19616
          15          20       19966
          15          21       20316
          16          21       20317
          17          21       20318
          17          22       20668
          18          22       20669
          19          22       20670
          20          22       20671
          20          21       20321
          20          20       19971
          20          19       19621
          20          18       19271
          20          17       18921
          20          16       18571
          21          16       18572
          21          17       18922
          21          18       19272
          21          19       19622
          22          19       19623
          22          18       19273
          23          18       19274
          24          18       19275
          25          18       19276
          26          18       19277
          26          19       19627
          25          19       19626
          25          20       19976
          24          20       19975
          24          19       19625
          23          19       19624
          23          20       19974
          22          20       19973
          21          20       19972
          21          21       20322
          22          21       20323
          22          22       20673
          21          22       20672
          21          23       21022
          20          23       21021
          19          23       21020
          18          23       21019
          18          24       21369
          17          24       21368
          17          25       21718
          16          25       21717
          15          25       21716
          15          26       22066
          14          26       22065
          13          26       22064
          13          27       22414
          13          28       22764
          12          28       22763
          12          27       22413
          12          26       22063
          12          25       21713
          12          24       21363
          11          24       21362
          11          23       21012
          12          23       21013
          12          22       20663
          11          22       20662
          10          22       20661
           9          22       20660
           9          21       20310
           8          21       20309
           8          22       20659
           7          22       20658
           7          23       21008
           8          23       21009
           9          23       21010
           9          24       21360
           8          24       21359
           7          24       21358
           6          24       21357
           5          24       21356
           5          25       21706
           6          25       21707
           7          25       21708
           8          25       21709
           8          26       22059
           9          26       22060
           9          25       21710
          10          25       21711
          11          25       21712
          11          26       22062
          10          26       22061
          10          27       22411
          10          28       22761
           9          28       22760
           9          29       23110
           9          30       23460
           9          31       23810
           9          32       24160
           9          33       24510
           8          33       24509
           7          33       24508
           7          34       24858
           8          34       24859
           8          35       25209
           9          35       25210
          10          35       25211
          10          34       24861
          10          33       24511
          11          33       24512
          11          32       24162
          10          32       24161
          10          31       23811
          10          30       23461
          11          30       23462
          12          30       23463
          13          30       23464
          13          29       23114
          14          29       23115
          15          29       23116
          15          28       22766
          16          28       22767
          16          29       23117
          17          29       23118
          18          29       23119
          18          28       22769
          17          28       22768
          17          27       22418
          16          27       22417
          16          26       22067
          17          26       22068
          18          26       22069
          19          26       22070
          20          26       22071
          20          25       21721
          19          25       21720
          19          24       21370
          20          24       21371
          21          24       21372
          21          25       21722
          21          26       22072
          22          26       22073
          22          27       22423
          21          27       22422
          20          27       22421
          20          28       22771
          19          28       22770
          19          29       23120
          20          29       23121
          20          30       23471
          20          31       23821
          20          32       24171
          20          33       24521
          21          33       24522
          21          32       24172
          21          31       23822
          22          31       23823
          22          30       23473
          21          30       23472
          21          29       23122
          21          28       22772
          22          28       22773
          23          28       22774
          23          29       23124
          23          30       23474
          23          31       23824
          24          31       23825
          24          30       23475
          25          30       23476
          25          31       23826
          25          32       24176
          24          32       24175
          23          32       24174
          22          32       24173
          22          33       24523
          23          33       24524
          24          33       24525
          24          34       24875
          24          35       25225
          25          35       25226
          26          35       25227
          26          36       25577
          26          37       25927
          26          38       26277
          27          38       26278
          27          39       26628
          28          39       26629
          28          38       26279
          29          38       26280
          29          39       26630
          30          39       26631
          30          40       26981
          30          41       27331
          31          41       27332
          31          42       27682
          32          42       27683
          32          43       28033
          32          44       28383
          32          45       28733
          32          46       29083
          31          46       29082
          31          47       29432
          32          47       29433
          32          48       29783
          33          48       29784
          34          48       29785
          34          47       29435
          34          46       29085
          35          46       29086
          36          46       29087
          36          47       29437
          36          48       29787
          35          48       29786
          35          49       30136
          36          49       30137
          37          49       30138
          37          48       29788
          38          48       29789
          39          48       29790
          39          47       29440
          38          47       29439
          37          47       29438
          37          46       29088
          38          46       29089
          39          46       29090
          40          46       29091
          40          45       28741
          39          45       28740
          38          45       28739
          37          45       28738
          36          45       28737
          36          44       28387
          36          43       28037
          37          43       28038
          37          42       27688
          37          41       27338
          37          40       26988
          38          40       26989
          38          39       26639
          38          38       26289
          38          37       25939
          39          37       25940
          39          38       26290
          39          39       26640
          40          39       26641
          40          40       26991
          41          40       26992
          41          39       26642
          41          38       26292
          42          38       26293
          42          37       25943
          41          37       25942
          41          36       25592
          41          35       25242
          41          34       24892
          41          33       24542
          42          33       24543
          42          34       24893
          43          34       24894
          43          33       24544
          43          32       24194
          42          32       24193
          41          32       24192
          40          32       24191
          39          32       24190
          38          32       24189
          38          31       23839
          38          30       23489
          38          29       23139
          38          28       22789
          37          28       22788
          37          29       23138
          36          29       23137
          36          28       22787
          36          27       22437
          35          27       22436
          34          27       22435
          34          28       22785
          35          28       22786
          35          29       23136
          35          30       23486
          34          30       23485
          34          29       23135
          33          29       23134
          33          28       22784
          32          28       22783
          32          27       22433
          31          27       22432
          31          28       22782
          30          28       22781
          30          29       23131
          29          29       23130
          29          28       22780
          28          28       22779
          27          28       22778
          26          28       22777
          26          27       22427
          27          27       22428
          28          27       22429
          29          27       22430
          30          27       22431
          30          26       22081
          30          25       21731
          29          25       21730
          28          25       21729
          28          24       21379
          29          24       21380
          29          23       21030
          28          23       21029
          28          22       20679
          27          22       20678
          27          21       20328
          28          21       20329
          28          20       19979
          29          20       19980
          29          21       20330
          29          22       20680
          30          22       20681
          30          23       21031
          30          24       21381
          31          24       21382
          31          23       21032
          31          22       20682
          32          22       20683
          33          22       20684
          33          23       21034
          33          24       21384
          34          24       21385
          34          23       21035
          35          23       21036
          36          23       21037
          36          24       21387
          37          24       21388
          38          24       21389
          38          25       21739
          38          26       22089
          37          26       22088
          37          27       22438
          38          27       22439
          39          27       22440
          39          28       22790
          39          29       23140
          40          29       23141
          40          28       22791
          41          28       22792
          41          27       22442
          41          26       22092
          42          26       22093
          43          26       22094
          44          26       22095
          44          27       22445
          45          27       22446
          45          28       22796
          44          28       22795
          43          28       22794
          43          29       23144
          44          29       23145
          45          29       23146
          45          30       23496
          45          31       23846
          44          31       23845
          44          32       24195
          45          32       24196
          46          32       24197
          46          31       23847
          46          30       23497
          47          30       23498
          48          30       23499
          48          29       23149
          49          29       23150
          49          30       23500
          49          31       23850
          50          31       23851
          51          31       23852
          51          32       24202
          50          32       24201
          50          33       24551
          51          33       24552
          52          33       24553
          52          32       24203
          53          32       24204
          53          31       23854
          52          31       23853
          52          30       23503
          53          30       23504
          53          29       23154
          52          29       23153
          51          29       23152
          51          28       22802
          52          28       22803
          53          28       22804
          54          28       22805
          54          29       23155
          54          30       23505
          54          31       23855
          54          32       24205
          54          33       24555
          55          33       24556
          56          33       24557
          56          34       24907
          55          34       24906
          55          35       25256
          56          35       25257
          56          36       25607
          56          37       25957
          56          38       26307
          57          38       26308
          57          39       26658
          57          40       27008
          58          40       27009
          59          40       27010
          60          40       27011
          60          41       27361
          59          41       27360
          59          42       27710
          60          42       27711
          60          43       28061
          59          43       28060
          59          44       28410
          59          45       28760
          59          46       29110
          59          47       29460
          60          47       29461
          60          48       29811
          59          48       29810
          58          48       29809
          58          47       29459
          58          46       29109
          58          45       28759
          58          44       28409
          57          44       28408
          57          45       28758
          56          45       28757
          56          44       28407
          55          44       28406
          55          43       28056
          55          42       27706
          56          42       27707
          56          41       27357
          55          41       27356
          54          41       27355
          54          42       27705
          53          42       27704
          53          43       28054
          54          43       28055
          54          44       28405
          54          45       28755
          55          45       28756
          55          46       29106
          55          47       29456
          54          47       29455
          53          47       29454
          53          46       29104
          53          45       28754
          52          45       28753
          52          44       28403
