 ira =        40937   masha =        31874
           0           0       40937
           1           0       40938
           1          -1       40588
           1          -2       40238
           1          -3       39888
           0          -3       39887
          -1          -3       39886
          -1          -4       39536
           0          -4       39537
           1          -4       39538
           1          -5       39188
           1          -6       38838
           1          -7       38488
           1          -8       38138
           2          -8       38139
           3          -8       38140
           4          -8       38141
           5          -8       38142
           5          -9       37792
           4          -9       37791
           3          -9       37790
           3         -10       37440
           4         -10       37441
           5         -10       37442
           6         -10       37443
           6          -9       37793
           6          -8       38143
           7          -8       38144
           7          -9       37794
           7         -10       37444
           8         -10       37445
           9         -10       37446
           9         -11       37096
           8         -11       37095
           7         -11       37094
           6         -11       37093
           5         -11       37092
           4         -11       37091
           3         -11       37090
           2         -11       37089
           2         -10       37439
           2          -9       37789
           1          -9       37788
           0          -9       37787
          -1          -9       37786
          -1         -10       37436
           0         -10       37437
           0         -11       37087
           0         -12       36737
           1         -12       36738
           2         -12       36739
           2         -13       36389
           1         -13       36388
           1         -14       36038
           2         -14       36039
           2         -15       35689
           3         -15       35690
           3         -16       35340
           2         -16       35339
           2         -17       34989
           3         -17       34990
           3         -18       34640
           2         -18       34639
           1         -18       34638
           1         -17       34988
           0         -17       34987
           0         -16       35337
          -1         -16       35336
          -1         -15       35686
           0         -15       35687
           0         -14       36037
          -1         -14       36036
          -2         -14       36035
          -2         -13       36385
          -3         -13       36384
          -3         -14       36034
          -4         -14       36033
          -4         -13       36383
          -5         -13       36382
          -6         -13       36381
          -7         -13       36380
          -7         -14       36030
          -6         -14       36031
          -6         -15       35681
          -7         -15       35680
          -8         -15       35679
          -8         -14       36029
          -8         -13       36379
          -9         -13       36378
         -10         -13       36377
         -10         -14       36027
         -11         -14       36026
         -11         -15       35676
         -12         -15       35675
         -13         -15       35674
         -13         -14       36024
         -12         -14       36025
         -12         -13       36375
         -12         -12       36725
         -13         -12       36724
         -13         -13       36374
         -14         -13       36373
         -14         -14       36023
         -14         -15       35673
         -14         -16       35323
         -14         -17       34973
         -15         -17       34972
         -15         -18       34622
         -14         -18       34623
         -14         -19       34273
         -15         -19       34272
         -16         -19       34271
         -16         -18       34621
         -17         -18       34620
         -17         -17       34970
         -16         -17       34971
         -16         -16       35321
         -17         -16       35320
         -18         -16       35319
         -19         -16       35318
         -19         -17       34968
         -19         -18       34618
         -20         -18       34617
         -21         -18       34616
         -21         -19       34266
         -21         -20       33916
         -21         -21       33566
         -20         -21       33567
         -20         -20       33917
         -19         -20       33918
         -19         -21       33568
         -19         -22       33218
         -19         -23       32868
         -18         -23       32869
         -18         -22       33219
         -17         -22       33220
         -16         -22       33221
         -16         -23       32871
         -17         -23       32870
         -17         -24       32520
         -18         -24       32519
         -18         -25       32169
         -17         -25       32170
         -17         -26       31820
         -16         -26       31821
         -16         -27       31471
         -16         -28       31121
         -15         -28       31122
         -15         -29       30772
         -16         -29       30771
         -16         -30       30421
         -17         -30       30420
         -17         -31       30070
         -18         -31       30069
         -18         -32       29719
         -18         -33       29369
         -17         -33       29370
         -17         -32       29720
         -16         -32       29721
         -15         -32       29722
         -15         -33       29372
         -16         -33       29371
         -16         -34       29021
         -17         -34       29020
         -17         -35       28670
         -16         -35       28671
         -15         -35       28672
         -15         -34       29022
         -14         -34       29023
         -14         -35       28673
         -13         -35       28674
         -13         -34       29024
         -12         -34       29025
         -12         -33       29375
         -13         -33       29374
         -14         -33       29373
         -14         -32       29723
         -14         -31       30073
         -14         -30       30423
         -13         -30       30424
         -12         -30       30425
         -12         -31       30075
         -13         -31       30074
         -13         -32       29724
         -12         -32       29725
         -11         -32       29726
         -11         -33       29376
         -10         -33       29377
         -10         -34       29027
         -11         -34       29026
         -11         -35       28676
         -11         -36       28326
         -11         -37       27976
         -10         -37       27977
         -10         -38       27627
          -9         -38       27628
          -9         -37       27978
          -8         -37       27979
          -7         -37       27980
          -6         -37       27981
          -6         -36       28331
          -7         -36       28330
          -8         -36       28329
          -9         -36       28328
         -10         -36       28327
         -10         -35       28677
          -9         -35       28678
          -8         -35       28679
          -7         -35       28680
          -6         -35       28681
          -6         -34       29031
          -5         -34       29032
          -4         -34       29033
          -4         -35       28683
          -3         -35       28684
          -3         -34       29034
          -3         -33       29384
          -3         -32       29734
          -4         -32       29733
          -4         -31       30083
          -4         -30       30433
          -3         -30       30434
          -3         -29       30784
          -4         -29       30783
          -5         -29       30782
          -5         -28       31132
          -5         -27       31482
          -4         -27       31483
          -4         -28       31133
          -3         -28       31134
          -3         -27       31484
          -3         -26       31834
          -2         -26       31835
          -2         -27       31485
          -2         -28       31135
          -2         -29       30785
          -1         -29       30786
          -1         -30       30436
          -1         -31       30086
          -1         -32       29736
           0         -32       29737
           1         -32       29738
           1         -33       29388
           0         -33       29387
          -1         -33       29386
          -1         -34       29036
           0         -34       29037
           1         -34       29038
           1         -35       28688
           2         -35       28689
           3         -35       28690
           4         -35       28691
           4         -34       29041
           4         -33       29391
           4         -32       29741
           4         -31       30091
           5         -31       30092
           5         -32       29742
           6         -32       29743
           6         -33       29393
           7         -33       29394
           8         -33       29395
           8         -34       29045
           7         -34       29044
           7         -35       28694
           8         -35       28695
           9         -35       28696
           9         -36       28346
           8         -36       28345
           8         -37       27995
           7         -37       27994
           6         -37       27993
           5         -37       27992
           4         -37       27991
           4         -38       27641
           5         -38       27642
           5         -39       27292
           5         -40       26942
           6         -40       26943
           7         -40       26944
           8         -40       26945
           8         -41       26595
           9         -41       26596
           9         -42       26246
          10         -42       26247
          10         -41       26597
          10         -40       26947
          10         -39       27297
           9         -39       27296
           8         -39       27295
           7         -39       27294
           7         -38       27644
           8         -38       27645
           9         -38       27646
          10         -38       27647
          11         -38       27648
          11         -37       27998
          10         -37       27997
          10         -36       28347
          10         -35       28697
          11         -35       28698
          11         -36       28348
          12         -36       28349
          12         -37       27999
          13         -37       28000
          13         -38       27650
          14         -38       27301
          14         -37       27651
          14         -36       28001
          14         -35       28351
          15         -35       28352
          15         -34       28702
          14         -34       28701
          13         -34       29050
          13         -33       29400
          13         -32       29750
          12         -32       29749
          11         -32       29748
          11         -31       30098
          11         -30       30448
          10         -30       30447
           9         -30       30446
           9         -31       30096
           8         -31       30095
           8         -30       30445
           7         -30       30444
           6         -30       30443
           5         -30       30442
           4         -30       30441
           3         -30       30440
           3         -31       30090
           3         -32       29740
           3         -33       29390
           3         -34       29040
           2         -34       29039
           2         -33       29389
           2         -32       29739
           2         -31       30089
           2         -30       30439
           1         -30       30438
           1         -31       30088
           0         -31       30087
           0         -30       30437
           0         -29       30787
           0         -28       31137
           1         -28       31138
           1         -27       31488
           1         -26       31838
           1         -25       32188
           0         -25       32187
           0         -26       31837
          -1         -26       31836
          -1         -25       32186
          -2         -25       32185
          -2         -24       32535
          -1         -24       32536
           0         -24       32537
           1         -24       32538
           2         -24       32539
           2         -23       32889
           1         -23       32888
           0         -23       32887
          -1         -23       32886
          -1         -22       33236
           0         -22       33237
           0         -21       33587
           0         -20       33937
           1         -20       33938
           1         -21       33588
           1         -22       33238
           2         -22       33239
           3         -22       33240
           3         -23       32890
           4         -23       32891
           4         -22       33241
           4         -21       33591
           5         -21       33592
           6         -21       33593
           6         -20       33943
           6         -19       34293
           7         -19       34294
           7         -20       33944
           8         -20       33945
           8         -19       34295
           8         -18       34645
           7         -18       34644
           7         -17       34994
           6         -17       34993
           6         -16       35343
           5         -16       35342
           4         -16       35341
           4         -15       35691
           4         -14       36041
           5         -14       36042
           6         -14       36043
           7         -14       36044
           8         -14       36045
           8         -13       36395
           7         -13       36394
           6         -13       36393
           5         -13       36392
           5         -12       36742
           6         -12       36743
           7         -12       36744
           8         -12       36745
           9         -12       36746
          10         -12       36747
          11         -12       36748
          12         -12       36749
          13         -12       36750
          13         -13       36400
          12         -13       36399
          11         -13       36398
          10         -13       36397
           9         -13       36396
           9         -14       36046
           9         -15       35696
           8         -15       35695
           7         -15       35694
           7         -16       35344
           8         -16       35345
           8         -17       34995
           9         -17       34996
           9         -16       35346
          10         -16       35347
          10         -17       34997
          11         -17       34998
          11         -16       35348
          11         -15       35698
          12         -15       35699
          12         -16       35349
          13         -16       35350
          13         -17       35000
          13         -18       34650
          13         -19       34300
          14         -19       33951
          14         -20       33601
          15         -20       33602
          16         -20       33603
          17         -20       33604
          18         -20       33605
          18         -19       33955
          19         -19       33956
          19         -18       34306
          20         -18       34307
          20         -17       34657
          21         -17       34658
          21         -16       35008
          22         -16       35009
          22         -15       35359
          21         -15       35358
          21         -14       35708
          20         -14       35707
          20         -13       36057
          19         -13       36056
          18         -13       36055
          18         -14       35705
          19         -14       35706
          19         -15       35356
          18         -15       35355
          17         -15       35354
          16         -15       35353
          15         -15       35352
          15         -14       35702
          14         -14       35701
          14         -13       36051
          14         -12       36401
          14         -11       36751
          14         -10       37101
          14          -9       37451
          14          -8       37801
          15          -8       37802
          16          -8       37803
          17          -8       37804
          17          -9       37454
          17         -10       37104
          16         -10       37103
          16          -9       37453
          15          -9       37452
          15         -10       37102
          15         -11       36752
          15         -12       36402
          15         -13       36052
          16         -13       36053
          17         -13       36054
          17         -12       36404
          18         -12       36405
          19         -12       36406
          19         -11       36756
          19         -10       37106
          18         -10       37105
          18          -9       37455
          18          -8       37805
          18          -7       38155
          19          -7       38156
          19          -8       37806
          20          -8       37807
          20          -9       37457
          21          -9       37458
          21         -10       37108
          21         -11       36758
          22         -11       36759
          23         -11       36760
          24         -11       36761
          24         -12       36411
          24         -13       36061
          25         -13       36062
          25         -12       36412
          25         -11       36762
          25         -10       37112
          25          -9       37462
          25          -8       37812
          24          -8       37811
          24          -7       38161
          24          -6       38511
          24          -5       38861
          23          -5       38860
          23          -4       39210
          22          -4       39209
          21          -4       39208
          21          -5       38858
          21          -6       38508
          20          -6       38507
          19          -6       38506
          19          -5       38856
          20          -5       38857
          20          -4       39207
          20          -3       39557
          19          -3       39556
          18          -3       39555
          17          -3       39554
          17          -2       39904
          17          -1       40254
          18          -1       40255
          19          -1       40256
          20          -1       40257
          20          -2       39907
          21          -2       39908
          21          -3       39558
          22          -3       39559
          23          -3       39560
          24          -3       39561
          24          -2       39911
          23          -2       39910
          22          -2       39909
          22          -1       40259
          22           0       40609
          21           0       40608
          21           1       40958
          20           1       40957
          20           0       40607
          19           0       40606
          18           0       40605
          17           0       40604
          16           0       40603
          16           1       40953
          15           1       40952
          15           0       40602
          15          -1       40252
          14          -1       40251
          14           0       40601
          13           0       40950
          13           1       41300
          13           2       41650
          14           2       41301
          14           3       41651
          13           3       42000
          13           4       42350
          13           5       42700
          12           5       42699
          12           4       42349
          11           4       42348
          10           4       42347
           9           4       42346
           9           5       42696
          10           5       42697
          11           5       42698
          11           6       43048
          11           7       43398
          11           8       43748
          12           8       43749
          12           7       43399
          13           7       43400
          14           7       43051
          14           8       43401
          15           8       43402
          16           8       43403
          16           7       43053
          17           7       43054
          17           6       42704
          17           5       42354
          18           5       42355
          19           5       42356
          20           5       42357
          20           6       42707
          19           6       42706
          19           7       43056
          18           7       43055
          18           8       43405
          19           8       43406
          20           8       43407
          21           8       43408
          22           8       43409
          23           8       43410
          23           7       43060
          22           7       43059
          22           6       42709
          23           6       42710
          23           5       42360
          24           5       42361
          24           6       42711
          24           7       43061
          24           8       43411
          25           8       43412
          26           8       43413
          27           8       43414
          27           9       43764
          27          10       44114
          28          10       44115
          28           9       43765
          28           8       43415
          29           8       43416
          30           8       43417
          30           7       43067
          31           7       43068
          31           6       42718
          31           5       42368
          32           5       42369
          32           4       42019
          33           4       42020
          33           3       41670
          32           3       41669
          31           3       41668
          31           4       42018
          30           4       42017
          30           3       41667
          30           2       41317
          31           2       41318
          32           2       41319
          32           1       40969
          31           1       40968
          30           1       40967
          29           1       40966
          29           2       41316
          29           3       41666
          29           4       42016
          29           5       42366
          28           5       42365
          28           6       42715
          27           6       42714
          27           7       43064
          26           7       43063
          25           7       43062
          25           6       42712
          26           6       42713
          26           5       42363
          26           4       42013
          26           3       41663
          27           3       41664
          27           2       41314
          27           1       40964
          27           0       40614
          28           0       40615
          29           0       40616
          29          -1       40266
          28          -1       40265
          28          -2       39915
          29          -2       39916
          30          -2       39917
          30          -1       40267
          30           0       40617
          31           0       40618
          32           0       40619
          33           0       40620
          34           0       40621
          34           1       40971
          33           1       40970
          33           2       41320
          34           2       41321
          35           2       41322
          36           2       41323
          37           2       41324
          37           1       40974
          37           0       40624
          38           0       40625
          38          -1       40275
          37          -1       40274
          36          -1       40273
          36           0       40623
          36           1       40973
          35           1       40972
          35           0       40622
          35          -1       40272
          34          -1       40271
          34          -2       39921
          34          -3       39571
          33          -3       39570
          33          -2       39920
          32          -2       39919
          32          -1       40269
          31          -1       40268
          31          -2       39918
          31          -3       39568
          30          -3       39567
          29          -3       39566
          29          -4       39216
          29          -5       38866
          28          -5       38865
          27          -5       38864
          27          -6       38514
          28          -6       38515
          29          -6       38516
          29          -7       38166
          28          -7       38165
          28          -8       37815
          27          -8       37814
          27          -9       37464
          26          -9       37463
          26         -10       37113
          27         -10       37114
          28         -10       37115
          28          -9       37465
          29          -9       37466
          30          -9       37467
          30         -10       37117
          30         -11       36767
          29         -11       36766
          28         -11       36765
          28         -12       36415
          27         -12       36414
          27         -11       36764
          26         -11       36763
          26         -12       36413
          26         -13       36063
          27         -13       36064
          28         -13       36065
          29         -13       36066
          29         -14       35716
          28         -14       35715
          28         -15       35365
          28         -16       35015
          29         -16       35016
          29         -15       35366
          30         -15       35367
          30         -16       35017
          30         -17       34667
          29         -17       34666
          28         -17       34665
          28         -18       34315
          28         -19       33965
          27         -19       33964
          27         -20       33614
          28         -20       33615
          28         -21       33265
          29         -21       33266
          29         -20       33616
          29         -19       33966
          30         -19       33967
          31         -19       33968
          32         -19       33969
          32         -18       34319
          31         -18       34318
          31         -17       34668
          31         -16       35018
          32         -16       35019
          32         -17       34669
          33         -17       34670
          33         -16       35020
          33         -15       35370
          32         -15       35369
          31         -15       35368
          31         -14       35718
          32         -14       35719
          32         -13       36069
          31         -13       36068
          30         -13       36067
          30         -12       36417
          31         -12       36418
          31         -11       36768
          31         -10       37118
          31          -9       37468
          32          -9       37469
          32          -8       37819
          32          -7       38169
          31          -7       38168
          31          -6       38518
          31          -5       38868
          32          -5       38869
          33          -5       38870
          33          -4       39220
          34          -4       39221
          34          -5       38871
          34          -6       38521
          33          -6       38520
          33          -7       38170
          34          -7       38171
          34          -8       37821
          33          -8       37820
          33          -9       37470
          34          -9       37471
          34         -10       37121
          34         -11       36771
          33         -11       36770
          33         -10       37120
          32         -10       37119
          32         -11       36769
          32         -12       36419
          33         -12       36420
          34         -12       36421
          34         -13       36071
          33         -13       36070
          33         -14       35720
          34         -14       35721
          34         -15       35371
          34         -16       35021
          35         -16       35022
          35         -15       35372
          36         -15       35373
          37         -15       35374
          37         -14       35724
          36         -14       35723
          36         -13       36073
          37         -13       36074
          37         -12       36424
          36         -12       36423
          36         -11       36773
          37         -11       36774
          38         -11       36775
          39         -11       36776
          40         -11       36777
          40         -12       36427
          40         -13       36077
          39         -13       36076
          38         -13       36075
          38         -14       35725
          39         -14       35726
          40         -14       35727
          40         -15       35377
          40         -16       35027
          41         -16       35028
          42         -16       35029
          43         -16       35030
          43         -17       34680
          42         -17       34679
          42         -18       34329
          42         -19       33979
          43         -19       33980
          43         -18       34330
          44         -18       34331
          45         -18       34332
          45         -19       33982
          45         -20       33632
          46         -20       33633
          46         -19       33983
          46         -18       34333
          46         -17       34683
          46         -16       35033
          46         -15       35383
          47         -15       35384
          47         -16       35034
          48         -16       35035
          48         -15       35385
          48         -14       35735
          49         -14       35736
          50         -14       35737
          50         -15       35387
          51         -15       35388
          51         -16       35038
          51         -17       34688
          50         -17       34687
          49         -17       34686
          49         -18       34336
          48         -18       34335
          47         -18       34334
          47         -19       33984
          47         -20       33634
          47         -21       33284
          47         -22       32934
          47         -23       32584
          46         -23       32583
          46         -22       32933
          45         -22       32932
          44         -22       32931
          43         -22       32930
          43         -23       32580
          42         -23       32579
          42         -24       32229
          42         -25       31879
          42         -26       31529
          41         -26       31528
          41         -25       31878
          40         -25       31877
          40         -24       32227
          41         -24       32228
          41         -23       32578
          40         -23       32577
          39         -23       32576
          39         -24       32226
          38         -24       32225
          38         -23       32575
          38         -22       32925
          39         -22       32926
          40         -22       32927
          40         -21       33277
          40         -20       33627
          41         -20       33628
          41         -19       33978
          41         -18       34328
          41         -17       34678
          40         -17       34677
          40         -18       34327
          40         -19       33977
          39         -19       33976
          38         -19       33975
          38         -18       34325
          39         -18       34326
          39         -17       34676
          38         -17       34675
          37         -17       34674
          37         -18       34324
          36         -18       34323
          35         -18       34322
          35         -17       34672
          34         -17       34671
          34         -18       34321
          33         -18       34320
          33         -19       33970
          34         -19       33971
          35         -19       33972
          36         -19       33973
          37         -19       33974
          37         -20       33624
          38         -20       33625
          38         -21       33275
          37         -21       33274
          37         -22       32924
          37         -23       32574
          36         -23       32573
          36         -22       32923
          35         -22       32922
          35         -21       33272
          36         -21       33273
          36         -20       33623
          35         -20       33622
          34         -20       33621
          33         -20       33620
          33         -21       33270
          32         -21       33269
          32         -22       32919
          31         -22       32918
          31         -23       32568
          31         -24       32218
          30         -24       32217
          30         -23       32567
          30         -22       32917
          29         -22       32916
          29         -23       32566
          29         -24       32216
          28         -24       32215
          28         -23       32565
          27         -23       32564
          26         -23       32563
          26         -24       32213
          27         -24       32214
          27         -25       31864
          27         -26       31514
          28         -26       31515
          29         -26       31516
          29         -25       31866
          30         -25       31867
          30         -26       31517
          30         -27       31167
          30         -28       30817
          31         -28       30818
          31         -27       31168
          31         -26       31518
          32         -26       31519
          32         -25       31869
          32         -24       32219
          33         -24       32220
          33         -25       31870
          34         -25       31871
          34         -24       32221
          35         -24       32222
          35         -25       31872
          36         -25       31873
          36         -26       31523
          35         -26       31522
          34         -26       31521
          33         -26       31520
          33         -27       31170
          34         -27       31171
          34         -28       30821
          35         -28       30822
          35         -27       31172
          36         -27       31173
          37         -27       31174
          37         -26       31524
          38         -26       31525
          38         -25       31875
          37         -25       31874
